digraph G {
  0;
  1;
  2;
  3;
  4;
  5;
  6;
  7;
  8;
  9;
  10;
  11;
  12;
  13;
  14;
  15;
  16;
  17;
  18;
  19;
  20;
  21;
  22;
  23;
  24;
  25;
  26;
  27;
  28;
  29;
  0 -> 6;
  0 -> 18;
  2 -> 8;
  2 -> 29;
  3 -> 4;
  3 -> 5;
  3 -> 21;
  6 -> 9;
  7 -> 17;
  9 -> 0;
  9 -> 7;
  9 -> 12;
  10 -> 13;
  10 -> 24;
  10 -> 29;
  14 -> 20;
  15 -> 20;
  15 -> 29;
  16 -> 2;
  16 -> 21;
  17 -> 14;
  18 -> 23;
  20 -> 24;
  21 -> 11;
  21 -> 17;
  22 -> 6;
  22 -> 14;
  22 -> 23;
  23 -> 3;
  24 -> 10;
  24 -> 19;
  24 -> 25;
  25 -> 21;
  26 -> 14;
  26 -> 19;
  27 -> 19;
  27 -> 26;
  29 -> 2;
  29 -> 15;
  29 -> 20;
}