2147483647
2147483647
23
42
20
42
20
33
33
31
6
6
6
6
6
6
27
27
27
27
27
27
72
1
27
19
1
1
26
46
91
61
91
0
33
19
5
5
5
61
10
10
19
61
4
4
26
19
22
22
52
22
19
58
31
8
58
47
58
96
78
78
78
78
40
90
20
20
20
7
7
8
7
8
87
8
78
87
87
8
9
9
9
8
8
8
8
9
8
9
8
9
8
8
45
45
45
14
39
11
14
11
9
9
4
4
14
14
97
53
4
3
3
88
88
69
0
0
0
0
70
48
0
70
8
48
90
90
63
63
63
63
24
24
24
24
24
24
40
24
24
6
69
64
33
96
41
88
41
15
15
29
15
29
25
25
87
80
65
74
65
25
88
64
64
64
66
66
66
24
24
24
66
25
66
66
24
36
36
38
24
25
40
40
79
40
39
39
39
57
80
17
17
17
17
17
17
24
24
92
22
53
27
22
0
0
0
0
62
74
14
6
14
14
30
1
6
30
30
1
1
6
74
49
53
53
14
2
3
3
3
2
2
2
58
30
2
2
2
2
64
2
2
2
64
3
30
3
5
30
87
30
87
30
51
51
51
75
4
4
80
80
64
6
45
45
44
34
44
4
44
33
24
24
24
66
72
47
47
47
47
4
65
47
36
33
3
3
3
3
80
3
64
3
64
58
58
58
58
58
34
58
58
17
35
35
8
6
8
8
8
8
24
5
5
5
5
5
5
66
7
30
30
65
30
67
30
67
50
38
38
83
17
5
17
5
68
74
17
45
45
68
45
99
5
3
3
17
9
3
3
9
9
17
17
59
59
3
9
4
9
4
4
3
3
3
3
3
99
3
64
3
14
14
14
11
84
11
5
5
11
11
11
11
11
11
42
42
5
20
10
5
5
56
41
5
45
45
15
43
55
55
43
55
5
16
9
16
9
89
92
1
1
1
68
67
5
67
67
56
56
9
28
28
44
9
21
9
5
32
32
32
32
32
28
32
32
9
6
6
6
6
6
50
50
50
50
50
64
50
50
50
50
50
50
50
64
50
50
45
45
6
64
64
45
64
45
45
45
45
64
57
49
72
49
49
57
33
4
4
33
4
33
89
51
28
28
6
28
65
49
28
9
95
9
95
7
7
95
22
7
95
7
20
12
11
34
57
12
37
53
78
13
37
13
12
13
13
21
65
11
11
11
11
11
11
11
11
11
12
2
2
2
2
98
92
98
2
92
92
37
12
2
37
30
42
42
20
71
20
76
76
31
12
30
30
30
32
9
9
30
30
32
46
32
46
1
1
1
9
1
1
43
12
21
21
85
21
83
83
33
11
33
33
4
27
75
33
27
74
13
13
13
13
58
13
13
13
44
49
49
49
49
49
38
18
77
12
12
12
12
38
10
77
77
12
12
13
12
13
11
58
14
19
10
19
45
45
61
45
45
36
36
36
10
36
5
36
73
5
9
28
28
28
7
26
10
8
8
8
8
94
8
8
8
8
94
8
3
3
3
3
94
3
3
47
3
41
41
51
57
51
41
28
28
83
97
97
31
31
10
31
10
36
10
77
33
77
10
10
10
10
24
10
10
10
4
83
4
4
29
29
37
50
37
37
37
25
2
70
30
54
36
57
57
23
23
97
97
13
26
13
44
13
13
44
16
94
16
16
16
11
11
16
58
80
13
80
0
0
3
3
3
16
0
0
41
0
51
51
51
7
7
7
7
7
7
52
62
7
9
52
7
9
9
50
82
10
46
82
30
82
3
3
41
37
70
39
44
23
23
23
44
95
11
11
11
11
11
11
5
30
59
5
2
5
83
54
17
5
5
17
5
5
16
16
90
11
34
8
22
11
34
70
21
21
21
77
12
63
21
20
21
6
6
6
6
40
54
40
36
54
40
54
54
54
40
40
40
94
94
22
12
43
72
70
17
6
80
13
13
13
13
50
50
13
28
28
12
28
6
6
82
82
82
82
6
57
57
57
57
17
94
11
11
87
58
13
42
10
10
42
13
10
10
10
10
10
9
13
13
9
9
13
10
10
10
80
13
2
2
36
4
12
13
87
63
15
37
15
37
8
8
45
8
1
22
1
1
46
8
8
8
8
62
34
34
59
59
21
21
82
3
48
22
10
21
10
22
63
22
48
48
48
21
30
30
22
21
48
18
22
27
21
14
14
14
14
30
30
22
30
30
30
14
30
2
2
47
14
51
47
20
20
20
54
14
22
47
47
70
20
47
20
20
20
20
20
22
17
14
17
17
47
17
17
86
47
96
53
55
14
96
53
81
54
54
23
18
23
26
26
5
70
46
18
18
18
4
4
39
39
18
4
18
92
23
23
23
23
49
63
23
74
74
14
89
36
0
0
36
36
9
9
9
9
9
24
24
24
9
24
44
24
88
4
4
4
4
4
4
4
4
23
4
59
59
4
4
84
8
8
8
8
4
4
31
31
8
83
8
8
62
72
62
72
31
8
72
72
72
72
72
84
21
91
72
72
91
97
3
27
27
27
64
20
20
20
20
73
20
64
22
20
20
20
57
57
20
20
28
28
28
28
64
88
19
14
46
19
83
14
14
20
32
32
32
32
32
18
32
28
32
28
64
44
58
31
14
14
14
10
10
4
4
10
49
10
24
10
10
10
14
14
24
10
14
14
10
30
58
58
38
9
66
9
9
9
58
58
4
58
60
73
0
6
6
14
4
4
4
4
4
4
10
50
50
50
50
50
21
21
77
23
21
23
20
20
32
3
17
17
18
5
18
18
5
18
90
5
96
90
90
12
70
25
25
70
70
42
36
25
36
36
42
42
42
42
21
52
42
42
70
42
38
38
38
17
17
70
18
18
18
18
19
19
19
3
3
17
22
82
22
58
58
58
58
58
25
25
25
25
26
20
11
11
56
11
11
11
11
8
54
54
15
15
26
40
80
64
53
29
70
57
40
8
11
11
11
57
11
11
16
27
39
60
79
69
69
18
68
68
18
18
68
18
50
50
22
22
3
3
3
3
83
3
22
3
22
3
3
3
3
47
47
47
47
47
47
47
47
47
47
18
4
49
38
58
38
38
33
45
61
33
33
5
33
83
45
83
60
33
11
60
18
60
11
18
56
56
54
48
48
18
63
48
87
1
48
52
1
7
7
1
54
1
95
6
7
54
47
50
0
50
0
57
0
18
0
21
75
75
63
63
18
75
75
63
75
75
75
77
77
63
36
44
4
1
4
4
4
68
5
37
51
23
35
23
23
23
17
17
35
17
17
17
25
17
5
84
5
43
15
15
15
17
84
25
79
80
82
17
79
39
16
82
82
4
29
37
37
37
65
65
67
65
37
19
98
3
7
7
7
76
7
7
88
82
88
7
13
13
13
13
99
13
2
28
14
97
14
13
14
14
46
14
14
1
1
1
14
14
1
1
23
74
74
74
1
30
16
30
37
16
18
95
18
18
77
77
77
5
5
24
24
24
24
7
63
63
63
40
40
40
40
44
52
63
52
40
63
63
52
78
78
78
52
52
90
0
0
23
2
0
23
10
10
26
26
26
0
2
26
2
2
0
26
46
36
46
46
26
26
5
46
4
15
15
15
44
44
15
6
6
50
26
50
42
42
6
25
50
25
14
14
50
25
3
14
14
14
14
14
14
14
14
14
45
14
6
10
10
10
10
45
82
19
19
19
82
82
19
6
82
19
19
19
7
7
18
26
75
75
26
26
26
26
19
26
6
4
4
4
4
4
44
53
63
4
4
4
46
34
46
46
46
46
46
44
46
46
34
46
16
16
72
26
26
26
26
26
18
17
18
29
17
88
18
18
18
26
18
26
26
94
26
18
18
11
18
11
40
40
40
5
5
5
5
5
31
84
51
17
85
1
1
1
44
86
99
61
29
92
30
19
19
19
19
66
10
10
10
33
10
10
16
16
10
17
12
12
12
26
26
26
26
26
26
26
26
23
23
23
23
64
23
78
64
41
3
23
44
8
8
8
44
8
21
21
34
34
5
5
8
5
5
8
5
5
80
8
96
99
19
14
14
14
14
1
19
40
40
40
40
72
1
1
1
1
1
1
38
1
71
27
27
1
71
1
1
53
37
1
1
4
71
79
19
3
2
2
1
80
84
30
1
40
42
96
44
40
96
44
10
10
54
8
9
76
9
8
54
8
9
8
8
62
79
62
8
35
3
16
16
16
16
14
14
14
3
3
56
3
3
3
3
3
3
3
3
3
3
78
1
40
94
4
15
58
50
10
10
10
46
75
51
17
17
17
22
26
26
82
22
22
7
27
7
27
25
33
33
33
33
33
39
12
12
94
33
39
25
29
25
29
33
3
68
33
3
2
20
32
32
32
12
46
46
1
46
23
23
23
56
28
56
28
56
28
28
28
28
56
67
22
33
22
22
6
10
56
10
94
10
10
17
10
76
19
17
24
24
24
24
24
13
13
32
32
64
32
37
53
53
5
2
2
5
2
2
65
43
43
12
43
65
43
43
16
16
43
20
81
20
20
33
1
1
1
57
75
19
96
19
27
57
96
37
65
91
91
79
91
0
13
13
13
13
13
13
13
30
73
30
13
30
84
30
48
84
6
24
6
23
23
23
48
4
4
4
34
33
45
23
45
48
67
87
34
34
67
48
87
45
25
59
11
59
11
45
11
11
11
45
11
34
34
11
34
34
3
11
3
11
44
44
51
51
44
44
29
11
11
11
26
26
26
91
22
22
15
15
15
15
38
15
15
15
15
15
18
6
6
6
6
6
43
55
25
55
97
32
30
32
11
11
30
78
28
27
27
27
78
60
78
31
28
31
25
25
25
25
26
26
26
31
38
11
11
11
9
9
1
11
31
6
6
6
6
6
7
6
6
6
9
9
30
6
30
9
43
30
6
68
68
64
64
42
42
42
21
21
40
11
40
11
11
56
28
56
56
56
40
31
31
31
31
31
40
1
63
87
3
3
3
4
4
3
3
97
3
4
3
10
20
10
10
20
92
92
20
20
20
3
3
3
4
3
21
13
15
15
58
58
42
0
0
15
78
40
0
40
0
40
40
25
25
25
25
44
0
55
54
3
85
55
1
1
23
20
20
34
20
34
33
20
27
34
34
33
45
27
38
67
19
19
27
19
16
16
11
62
11
11
11
11
11
94
14
45
0
0
0
0
0
0
0
57
0
57
57
57
26
69
69
69
0
69
47
74
47
5
5
14
14
14
14
14
14
5
91
5
6
6
6
34
74
83
5
36
56
56
56
56
56
55
55
32
32
32
2
13
13
44
2
25
25
25
83
83
69
25
25
25
25
25
25
8
16
8
3
3
3
70
3
3
47
3
3
3
31
31
29
29
55
50
50
88
50
30
34
34
34
27
27
27
27
27
27
51
66
97
33
94
94
9
9
9
70
9
65
65
28
28
28
28
0
0
50
0
0
0
0
83
0
0
48
48
0
50
76
10
10
26
10
10
10
10
10
10
10
10
9
9
23
9
9
5
26
5
5
5
23
10
26
51
1
51
79
10
51
79
6
6
10
45
6
10
10
6
10
6
15
51
6
15
6
15
0
0
0
0
0
10
0
54
45
67
8
8
32
32
38
32
23
6
6
6
6
6
6
6
6
63
6
6
63
7
7
7
7
56
7
7
28
20
20
15
61
28
50
50
50
17
17
15
16
16
16
13
52
88
17
43
6
6
43
6
6
6
6
6
6
6
6
43
6
6
13
49
65
7
7
43
0
0
0
83
0
83
57
57
29
29
29
29
29
29
0
0
33
33
32
33
32
32
29
24
24
3
30
51
51
29
29
29
29
47
29
50
51
8
8
50
8
41
41
78
26
26
26
87
26
0
26
26
76
49
35
23
23
35
16
24
11
11
3
5
5
5
5
47
33
6
6
40
24
5
36
36
24
2
5
2
36
0
32
32
32
10
5
10
56
56
56
82
82
57
82
89
89
5
89
4
4
90
5
5
5
5
19
19
5
19
19
57
21
5
95
50
25
97
25
25
4
25
25
40
1
62
1
45
45
56
56
0
16
99
34
99
56
99
0
45
0
34
0
0
99
37
0
0
15
0
25
25
25
20
87
17
17
9
9
9
5
9
29
29
3
60
5
60
92
65
87
50
50
50
50
50
67
56
56
56
56
88
5
56
25
26
26
26
26
26
10
10
10
65
10
10
65
10
10
27
90
9
9
9
9
9
9
27
51
51
51
83
24
10
24
80
10
51
24
24
10
62
62
82
82
82
32
32
82
19
32
32
8
21
8
33
8
33
22
22
33
34
6
34
33
58
10
28
33
41
16
4
4
4
42
42
5
21
21
21
42
6
6
6
40
6
6
6
38
6
40
6
87
40
7
7
5
5
5
5
5
19
5
19
5
31
31
42
42
5
42
3
79
10
13
13
13
13
54
94
13
90
90
71
25
25
25
7
10
23
84
84
10
84
84
23
54
20
10
20
43
0
0
0
0
21
26
26
21
57
21
70
21
25
6
74
6
9
9
5
18
84
17
84
64
64
56
64
17
17
64
2
37
16
37
16
59
59
17
59
15
15
11
11
17
17
50
50
28
28
66
57
57
57
16
57
57
57
35
34
30
16
30
16
35
29
35
35
47
47
29
4
71
11
11
21
21
15
15
0
0
15
15
92
15
37
48
48
48
2
2
60
1
60
2
18
11
14
12
12
78
78
14
8
11
14
14
14
51
11
36
53
22
22
0
0
0
0
0
0
88
46
0
0
0
46
7
7
0
40
40
40
40
32
40
34
34
56
56
21
0
56
56
56
32
98
14
41
14
14
14
14
56
14
14
14
21
45
21
45
45
21
17
90
17
17
14
49
64
17
85
24
86
86
0
0
0
0
0
0
17
0
0
0
0
15
0
9
0
32
32
10
10
46
46
46
10
10
46
29
20
19
66
66
1
1
6
42
44
20
4
20
20
20
87
87
55
87
40
99
55
0
0
0
0
0
78
0
1
1
50
1
50
82
1
1
50
82
1
1
47
47
47
42
35
35
35
35
35
11
11
35
51
35
55
51
51
16
16
75
16
16
64
7
64
64
7
64
7
19
7
64
64
64
26
26
26
26
26
26
38
65
38
54
22
15
25
25
25
24
91
19
35
20
31
52
20
20
11
52
11
29
52
29
25
25
20
25
63
12
12
12
42
29
12
42
29
11
11
76
11
22
11
76
11
11
53
53
12
51
51
8
8
9
8
51
67
12
2
2
93
67
18
28
20
50
50
50
46
18
85
85
42
18
66
24
20
20
20
96
35
20
12
24
14
14
14
36
14
14
14
41
11
24
11
11
60
26
26
11
5
5
5
5
5
69
5
4
4
4
41
41
41
30
30
41
30
30
41
37
27
11
29
29
29
29
29
29
24
75
75
75
59
23
23
23
29
23
23
23
59
75
23
98
98
98
98
45
7
7
23
7
57
57
7
35
35
99
99
9
9
7
7
7
11
28
47
47
24
55
11
43
81
29
47
47
47
24
44
43
11
81
16
78
16
74
16
60
24
60
17
42
13
17
17
17
17
10
25
10
23
83
10
77
83
10
23
63
10
23
4
23
4
98
4
54
4
28
28
28
73
28
25
28
25
28
17
17
64
17
64
67
67
67
33
33
49
67
33
17
49
69
69
37
37
17
15
15
7
45
15
15
15
65
7
2
60
60
2
2
2
2
33
4
33
56
33
33
33
7
7
28
33
28
55
33
86
86
86
86
86
78
78
86
86
49
49
49
56
56
30
30
30
0
0
0
0
0
0
0
0
0
19
19
19
72
72
0
17
17
3
17
0
0
74
39
17
56
56
30
56
14
14
14
14
51
14
14
27
27
5
5
5
29
62
23
23
1
1
1
3
52
1
29
23
23
28
28
5
11
11
11
11
11
11
28
20
20
61
28
28
28
32
30
32
23
59
10
10
16
16
16
16
19
7
7
7
7
16
7
88
16
16
12
12
63
12
63
63
12
21
63
35
16
21
35
21
69
16
17
17
42
27
21
25
25
25
16
43
16
43
65
65
43
22
28
65
16
53
19
9
9
16
76
86
27
27
71
71
71
58
63
63
55
15
13
55
15
55
15
55
37
37
37
21
15
18
51
18
18
27
18
18
27
18
41
41
23
18
21
80
29
62
80
80
60
60
67
67
60
67
14
14
60
2
14
11
2
2
2
87
2
2
39
39
39
39
39
39
11
39
39
39
11
15
88
11
17
17
17
11
45
82
82
40
18
18
18
18
18
69
18
18
87
87
87
36
18
18
18
18
36
36
32
18
18
18
32
13
36
25
0
0
0
89
0
34
56
89
0
66
8
91
8
16
16
16
16
47
20
20
47
8
73
87
14
19
20
41
93
20
27
8
27
11
8
51
0
0
50
50
50
50
40
40
40
39
29
29
29
29
29
8
5
29
5
75
75
75
24
24
24
43
21
14
14
14
13
75
29
63
14
14
14
75
62
53
2
29
83
13
13
29
30
63
63
63
27
63
63
63
63
13
39
13
30
97
97
39
12
12
12
44
44
24
43
40
44
40
40
75
40
44
13
18
18
18
56
18
24
18
0
18
18
18
18
18
18
0
35
35
18
0
35
5
0
0
5
5
5
5
18
42
42
61
48
45
5
21
5
5
5
21
27
73
73
36
16
89
11
11
11
11
11
71
2
11
89
47
66
3
3
3
3
0
0
0
0
0
4
0
19
0
19
4
1
1
1
1
34
81
1
19
19
71
60
58
26
26
7
7
60
26
26
26
26
91
7
60
86
56
46
8
8
8
8
6
7
7
6
6
6
8
0
0
2
3
3
3
3
29
68
3
5
0
9
34
27
27
58
27
27
34
34
34
47
69
79
12
12
12
12
79
18
18
18
34
18
79
7
7
30
72
53
16
16
16
16
16
16
16
11
74
5
76
0
0
16
0
0
13
48
9
9
9
9
7
7
9
5
7
6
6
14
9
6
15
9
14
6
9
23
27
24
1
1
66
1
69
69
34
34
1
62
18
62
19
7
7
7
7
67
7
11
11
95
7
67
7
72
67
7
72
72
72
26
4
4
26
4
4
26
96
4
83
4
4
7
26
26
26
18
18
18
7
49
12
26
87
20
16
16
16
41
41
4
4
18
67
53
53
27
50
50
15
15
21
47
47
32
76
66
21
66
8
21
8
8
8
88
39
39
90
90
6
38
60
73
49
38
60
39
49
22
14
59
19
24
19
24
95
48
19
95
95
19
19
92
48
78
8
62
18
18
18
13
13
97
13
23
13
58
43
19
19
19
43
43
43
8
8
8
8
8
22
8
22
8
8
21
78
11
11
77
87
2
2
15
15
2
15
42
15
15
52
45
15
52
15
52
14
52
52
14
22
22
1
1
1
12
28
0
0
0
0
0
60
0
0
0
0
0
0
0
0
4
27
0
0
0
2
0
0
2
2
14
2
14
2
2
2
2
7
14
14
30
73
14
73
73
64
73
14
73
30
0
2
2
5
95
5
0
35
35
92
6
6
73
39
39
39
27
15
15
15
80
15
40
14
24
67
21
14
75
42
42
75
44
42
47
42
42
42
47
73
9
32
32
9
9
32
2
2
2
2
2
92
2
2
2
1
1
1
52
29
52
1
29
27
3
3
3
3
30
62
18
30
30
62
30
30
90
2
17
17
2
2
2
2
2
2
47
2
16
16
16
16
16
2
2
1
1
1
1
16
11
67
1
1
1
1
1
60
1
25
25
25
25
25
25
2
27
2
2
2
2
2
8
31
31
27
31
94
27
33
27
27
38
30
30
30
30
30
30
46
46
50
1
82
67
39
8
8
13
8
8
8
22
9
90
9
9
58
36
9
9
2
2
15
15
15
15
3
66
3
49
29
58
49
87
50
29
29
86
69
15
19
96
37
37
96
15
37
96
37
26
33
26
77
26
26
77
33
33
73
37
73
59
37
62
37
75
28
28
28
54
50
50
54
50
90
37
20
76
20
76
54
66
20
66
7
7
7
42
99
30
56
6
6
56
56
56
56
6
17
26
72
85
85
6
6
18
18
6
28
6
18
5
2
25
2
49
49
49
25
38
58
58
2
2
2
2
32
32
19
32
32
25
48
25
86
32
29
45
33
88
17
88
0
0
17
82
9
45
4
4
4
86
4
4
23
23
4
23
17
4
6
6
6
51
47
23
23
30
23
17
23
17
23
73
74
60
54
74
23
36
36
36
13
80
80
80
13
6
13
13
36
70
70
67
12
27
27
12
27
23
27
23
36
12
23
76
76
12
12
12
3
42
13
1
1
25
1
1
49
49
49
31
49
49
86
86
86
22
22
22
40
29
4
4
9
50
50
50
50
85
44
44
50
13
13
34
8
66
38
15
15
15
15
70
38
15
14
15
54
14
14
14
14
14
21
29
31
59
77
4
4
4
47
21
4
21
4
21
4
64
14
14
52
52
25
25
25
25
2
25
2
2
32
2
2
25
2
25
72
72
61
61
61
2
2
32
32
26
32
26
61
26
13
26
80
93
54
89
89
79
79
79
10
10
42
67
67
31
31
7
7
29
7
29
18
44
59
86
3
3
3
73
86
86
73
73
73
32
32
32
32
32
6
6
32
6
57
48
3
22
8
8
8
59
15
6
0
0
0
0
0
0
47
47
49
49
96
19
19
19
59
11
11
15
69
6
91
6
91
91
91
70
20
20
20
6
20
20
7
87
87
87
87
87
50
50
50
50
24
11
23
23
11
11
23
23
50
23
97
23
97
97
97
23
23
34
34
34
29
29
17
29
29
34
34
38
29
38
72
72
14
14
14
56
6
4
50
73
19
50
40
24
24
24
24
68
68
37
37
37
37
37
8
8
8
6
64
58
35
35
35
35
45
18
11
11
14
11
11
17
17
17
17
37
31
17
10
10
10
37
10
81
63
16
7
6
7
7
53
7
7
36
48
16
48
48
53
93
49
62
49
49
6
99
6
6
43
32
16
81
81
14
14
86
6
44
14
44
44
66
66
8
2
2
2
2
81
2
2
7
7
30
30
8
8
30
30
8
5
5
30
61
61
15
8
60
61
63
22
22
15
99
22
22
68
38
68
68
99
87
47
87
11
11
11
11
11
75
34
63
71
40
40
3
71
40
3
9
92
92
32
59
40
32
59
0
59
0
71
27
27
62
46
15
82
62
62
63
62
63
69
63
49
15
11
11
36
36
11
36
38
38
5
5
20
20
20
11
20
11
11
24
24
