100
4 3
4 5 6 4
4 2
4 5 6 4
3 3
1 1 1
22 4
45 21 71 19 73 87 35 56 20 9 85 67 17 48 85 59 25 15 92 27 3 84
1 4
57
22 4
37 16 88 28 35 5 59 37 91 75 79 63 19 27 79 76 49 23 51 87 1 27
15 4
86 29 14 13 38 72 71 55 7 7 49 88 39 25 97
100 3
8 5 39 46 89 43 59 14 57 86 25 34 11 77 16 38 76 52 62 14 23 4 71 91 98 23 83 17 92 77 35 26 50 8 4 29 56 80 75 7 57 24 56 34 55 50 29 35 49 5 50 23 27 35 83 3 52 20 95 11 8 52 10 23 62 69 56 59 56 32 89 89 44 65 15 47 68 25 29 56 73 26 37 56 50 65 29 44 47 2 35 88 14 14 71 8 31 95 52 98
100 4
25 58 27 82 81 50 91 5 37 57 55 9 29 78 7 35 49 15 41 83 73 7 35 38 62 59 29 39 3 14 53 49 45 90 97 18 3 47 43 23 54 90 79 65 5 83 18 69 92 29 67 90 65 41 82 94 70 51 26 49 25 85 18 2 86 22 41 77 83 43 82 67 78 30 7 62 2 50 75 50 55 77 53 59 5 97 90 17 47 53 38 85 94 47 71 15 58 47 15 70
100 3
69 71 86 61 44 80 97 11 92 47 2 76 62 85 20 11 65 88 8 53 61 7 23 92 14 82 86 44 36 61 65 41 71 95 71 29 22 88 44 23 62 83 18 71 43 32 55 8 86 20 12 53 12 89 86 58 70 73 62 86 73 82 44 21 28 20 15 44 28 68 95 5 50 92 35 98 2 41 56 92 11 68 32 47 80 61 35 56 29 62 23 70 82 94 26 38 86 44 90 46
1 3
20
100 3
8 49 44 13 49 40 98 62 95 4 52 76 44 44 40 52 32 8 17 2 26 46 5 98 47 77 8 52 43 28 55 85 73 79 32 11 29 73 85 68 50 58 38 2 79 73 85 82 61 2 29 91 82 76 55 82 56 5 83 65 40 46 92 85 67 70 10 8 65 43 22 56 68 37 92 59 46 2 67 20 32 61 14 68 40 89 5 49 88 61 58 88 47 41 35 77 1 85 89 8
13 4
23 63 55 49 89 72 63 61 73 79 43 57 5
100 4
7 59 59 58 26 22 27 79 92 87 43 19 19 82 55 19 75 14 81 3 21 66 61 25 70 13 91 22 6 91 31 62 19 89 43 83 5 11 39 43 55 69 41 59 55 94 7 15 34 43 51 59 91 37 31 62 57 11 9 30 75 31 75 50 94 14 75 91 79 53 27 24 9 23 39 59 59 87 35 95 65 18 23 19 41 47 90 76 63 51 63 91 55 95 14 22 91 84 64 43
11 4
91 71 21 39 29 45 14 23 93 79 85
23 4
27 73 44 41 1 16 5 39 24 85 41 16 93 35 67 65 63 15 43 47 54 16 87
2 3
80 14
15 3
91 61 17 76 70 71 70 58 59 20 35 8 56 49 77
13 4
6 15 77 39 80 91 89 35 19 17 24 89 65
20 3
23 84 22 24 71 21 86 4 32 27 80 74 57 17 79 64 53 7 41 64
17 4
31 36 25 30 46 91 10 51 41 65 5 82 95 37 61 55 43
100 3
1 60 89 63 73 65 87 77 61 17 58 93 61 18 3 79 86 98 72 97 85 23 40 27 2 98 31 9 15 56 82 47 64 32 54 94 75 71 89 78 77 67 79 87 18 27 54 26 77 10 31 42 74 59 96 15 28 39 75 49 3 39 66 27 49 67 77 46 31 50 13 59 96 7 44 97 26 78 83 79 21 21 52 74 12 32 86 62 70 81 70 44 17 88 16 5 56 20 70 78
14 4
66 55 42 77 25 45 51 79 69 34 73 66 87 39
16 4
63 23 81 71 50 75 97 27 69 7 52 51 47 17 97 43
100 4
50 6 87 89 61 9 20 4 43 54 51 86 90 42 45 33 23 57 62 94 80 58 34 81 3 24 30 1 20 69 29 21 62 40 17 51 22 1 65 53 37 46 14 24 41 47 69 14 14 8 89 32 44 54 34 4 17 33 67 26 93 13 20 17 10 5 85 7 66 63 82 51 57 61 69 81 39 52 13 69 85 19 62 28 21 29 21 96 10 26 29 5 2 39 1 85 41 10 25 93
18 4
59 15 61 51 23 7 79 13 49 25 91 31 71 33 79 11 47 47
100 3
14 71 88 3 17 62 20 21 56 59 39 7 57 59 5 17 47 23 4 77 59 26 7 8 58 98 84 55 1 82 83 8 17 21 59 93 46 6 29 13 26 64 11 35 88 32 25 32 31 28 44 66 4 50 74 47 31 26 15 65 80 40 84 35 53 55 40 85 92 66 56 92 29 81 48 86 43 68 52 92 92 56 92 83 41 24 86 16 89 94 71 89 17 3 20 57 91 71 92 27
2 3
88 79
1 2
51
18 3
67 56 88 89 73 68 50 17 47 88 50 41 70 31 8 47 1 38
16 2
80 33 64 12 33 98 34 90 71 38 93 90 25 80 26 91
21 4
15 35 57 54 17 41 20 51 87 61 81 2 13 2 13 58 34 71 81 9 42
100 3
53 13 85 62 50 83 68 98 83 17 80 58 51 64 32 53 8 28 38 75 16 26 10 32 5 16 29 57 71 73 26 67 60 5 52 16 14 2 16 11 38 97 29 7 34 26 47 19 94 65 82 47 26 70 34 40 65 44 49 86 5 92 15 86 8 19 61 8 49 83 8 85 34 35 50 73 8 16 37 12 34 88 4 20 8 62 44 94 73 8 25 13 8 29 8 50 11 14 40 34
19 2
33 15 66 6 27 28 69 36 76 5 42 19 28 9 48 65 30 62 33
27 3
47 97 62 68 68 71 41 83 13 52 82 95 67 92 5 5 53 85 5 59 8 91 93 5 95 35 19
100 4
71 68 68 67 46 44 11 45 55 19 93 93 53 93 94 59 2 15 3 15 66 49 27 94 75 55 74 78 3 23 71 31 89 81 70 75 7 3 19 94 3 83 47 46 50 60 96 31 31 1 50 87 6 38 22 35 71 50 42 31 34 14 67 81 10 41 96 38 95 33 34 7 47 30 3 91 36 90 95 91 45 2 3 35 82 75 94 87 89 17 39 59 42 54 31 63 54 57 30 51
2 4
34 46
18 3
19 61 37 35 74 82 14 94 38 58 58 10 16 22 98 94 94 59
32 4
5 53 85 69 81 79 51 7 2 89 25 41 61 53 77 93 6 21 55 61 67 66 83 4 65 61 33 61 67 93 14 45
23 4
29 69 68 27 96 7 77 33 9 2 83 35 79 68 16 95 23 19 87 3 31 23 35
15 4
15 55 3 15 92 49 63 35 83 93 25 47 5 11 61
19 4
31 49 1 19 79 61 79 10 91 91 69 87 95 51 43 55 21 83 67
24 4
38 63 78 14 61 89 79 50 29 63 47 81 18 39 41 5 29 17 57 49 17 61 41 82
100 4
94 45 20 6 60 9 31 30 83 38 32 19 41 34 24 62 93 31 97 77 83 40 35 90 38 39 3 93 25 55 77 56 3 85 2 1 19 15 45 65 97 56 1 83 69 8 83 87 9 70 61 90 53 43 48 93 96 60 93 38 39 80 44 96 60 2 75 48 63 28 8 30 13 56 92 74 26 10 94 24 28 27 62 46 54 93 9 23 88 86 79 75 13 78 58 47 8 96 78 71
14 3
53 3 95 88 64 62 59 70 1 71 46 80 67 25
1 3
18
3 4
62 6 30
17 4
92 53 77 17 27 37 89 59 83 45 85 71 71 33 21 48 57
1 4
36
1 3
49
100 3
85 17 89 98 20 71 31 7 65 20 11 95 56 77 22 48 89 82 85 23 10 26 31 61 29 47 80 6 98 73 41 13 17 80 20 64 56 58 56 32 47 11 91 80 44 44 71 2 76 26 62 15 89 77 78 4 41 2 52 35 6 49 2 1 32 26 88 41 5 58 46 50 50 5 83 7 62 41 59 44 76 78 18 89 37 65 34 33 89 41 44 92 74 76 95 26 9 66 41 77
1 2
8
100 4
91 65 71 57 78 69 13 20 82 62 45 33 95 73 6 56 67 42 49 65 71 81 54 26 5 33 6 17 1 55 97 97 89 53 93 68 34 78 51 66 53 49 7 5 85 91 22 54 73 9 74 56 65 52 50 95 49 77 86 89 1 1 73 53 13 14 43 17 5 30 78 90 75 23 74 97 73 32 37 5 77 90 25 15 22 61 75 46 24 34 81 70 23 49 15 62 22 87 2 45
2 4
75 87
26 4
53 63 75 93 93 95 59 96 82 63 47 32 35 79 47 42 64 22 66 3 88 59 53 7 21 7
100 3
57 49 7 31 3 46 64 76 97 69 8 6 57 76 64 43 92 97 95 59 85 82 71 28 59 14 95 39 16 32 19 1 85 75 76 31 87 82 22 16 4 72 37 6 73 52 68 52 87 31 74 70 78 43 65 40 43 25 61 82 17 94 86 20 16 60 15 64 58 43 41 70 85 22 34 14 35 37 73 91 89 80 67 89 46 85 5 67 37 16 22 5 7 59 20 3 59 16 17 52
100 3
49 59 2 70 1 38 74 61 85 50 10 50 91 62 77 83 64 14 50 23 32 52 47 7 52 20 40 10 17 56 20 77 59 44 34 62 83 59 53 31 74 80 47 55 40 8 47 62 2 86 14 7 40 67 67 91 23 77 23 35 95 92 55 41 47 95 19 16 34 1 83 97 25 46 88 52 22 16 91 11 34 59 98 40 11 89 94 31 55 5 26 74 34 91 98 53 94 25 10 62
18 4
5 15 1 9 93 39 23 95 17 15 17 27 42 71 43 69 27 65
11 3
29 53 52 26 7 70 26 81 22 58 23
100 3
71 94 76 94 31 70 75 76 76 13 16 94 1 43 32 10 12 54 52 43 68 8 25 16 95 67 95 22 55 67 38 41 43 74 28 16 55 14 56 94 82 77 74 29 24 82 91 19 49 55 66 50 88 55 95 95 46 39 22 40 25 80 28 31 59 88 73 52 28 70 47 91 88 57 88 79 62 19 61 25 13 55 40 88 1 89 67 73 85 14 19 88 46 74 23 2 71 43 82 32
14 3
44 70 38 67 65 97 71 37 53 73 35 73 68 73
100 3
20 81 68 68 62 23 68 97 83 20 23 98 56 23 16 32 53 50 80 57 49 88 92 26 77 89 40 46 47 13 66 79 62 61 83 85 93 65 92 71 46 95 44 46 31 43 22 92 11 17 74 71 62 71 1 41 98 14 57 48 35 50 26 23 67 28 66 37 22 17 23 23 89 16 8 29 97 23 20 70 20 32 77 88 74 36 55 14 98 55 23 96 21 79 56 83 61 2 86 11
34 4
59 63 79 55 26 73 97 57 83 55 21 26 90 29 11 35 71 71 19 38 95 7 51 43 43 27 87 35 23 10 49 19 37 53
12 4
19 1 47 57 47 1 67 8 7 29 68 17
26 4
25 29 2 29 56 77 4 81 95 96 23 35 19 15 69 13 22 58 60 75 63 79 80 77 1 38
17 4
93 37 59 33 51 9 41 65 87 3 25 7 73 43 75 7 61
100 3
67 46 68 31 1 54 97 51 73 55 28 77 61 55 59 55 25 62 67 97 82 79 95 33 32 28 82 28 7 24 80 97 89 55 82 21 43 65 86 85 84 43 70 65 7 13 8 1 29 47 77 17 44 47 79 11 73 43 62 16 1 61 7 89 1 63 94 64 39 43 11 46 21 24 62 73 70 79 34 91 13 49 13 27 70 98 4 76 61 67 41 40 76 17 4 52 73 92 16 13
21 3
32 43 79 39 85 32 82 86 34 63 64 34 35 26 80 88 98 62 64 15 30
100 3
87 77 38 23 58 67 74 14 3 87 15 91 34 65 77 38 73 56 47 88 89 75 66 41 65 25 81 48 73 68 86 71 98 5 68 31 77 35 82 85 11 50 34 14 98 36 79 29 14 43 58 65 94 95 2 32 76 89 14 32 34 47 35 14 16 23 6 86 43 49 14 77 97 21 86 27 23 23 12 38 16 44 97 32 94 75 89 97 26 14 52 89 32 86 38 62 14 85 43 34
100 4
17 11 46 56 10 69 77 70 38 70 77 97 89 79 41 70 25 61 10 33 65 7 27 22 83 75 58 86 81 93 25 38 32 71 67 38 93 9 17 57 17 53 34 74 66 62 93 54 1 13 17 59 95 1 41 86 97 66 81 1 14 73 26 63 6 85 95 61 3 57 10 58 97 21 85 57 57 9 44 29 21 59 79 94 53 21 26 22 93 37 73 29 57 3 56 13 33 78 89 45
22 4
83 43 97 6 1 97 87 70 53 62 59 51 97 2 71 65 49 75 59 70 57 31
100 3
2 33 53 98 35 20 73 26 62 94 97 23 8 29 7 92 44 73 82 28 77 32 14 47 80 57 89 61 56 40 63 71 37 85 68 44 56 33 38 53 35 8 86 56 63 8 64 35 80 50 94 59 5 83 26 95 56 20 8 33 62 97 74 68 11 42 34 73 50 45 47 50 10 5 89 85 68 53 9 91 97 7 94 73 88 53 98 46 65 89 26 95 23 65 35 58 26 44 58 98
2 4
53 73
20 4
82 48 59 79 65 58 89 77 94 45 33 22 50 50 51 59 11 95 13 65
10 4
49 1 23 71 63 39 15 53 73 1
23 4
44 81 54 2 51 21 86 23 90 1 23 31 75 62 58 45 81 9 45 88 13 93 97
100 4
25 71 13 22 50 23 60 7 55 89 35 63 82 78 82 70 57 47 95 95 79 71 67 66 71 51 17 75 46 24 14 47 42 51 63 55 26 45 53 79 94 7 8 19 71 42 3 7 67 31 58 73 91 63 71 29 51 19 70 39 1 66 5 33 95 95 97 73 48 85 82 45 63 55 86 79 27 97 30 18 87 97 73 50 69 17 27 3 63 4 58 2 75 27 19 85 46 38 95 59
100 4
94 13 81 89 97 90 29 85 63 30 33 23 29 6 45 17 66 81 58 95 93 27 21 69 93 33 77 89 73 17 58 49 69 49 39 97 26 75 93 89 25 36 58 37 95 63 1 73 1 39 20 9 5 42 41 9 25 30 89 13 15 61 91 61 87 9 54 53 42 57 49 60 57 31 93 45 44 27 38 21 1 74 77 25 1 42 91 74 47 34 21 37 25 45 9 41 17 47 57 33
30 4
90 21 63 45 51 73 5 31 73 61 13 21 85 43 53 3 89 21 81 25 63 1 65 89 65 51 69 67 33 69
100 3
88 79 60 80 41 5 34 54 17 35 93 20 91 40 2 47 83 67 11 71 3 59 95 11 31 57 73 49 86 77 10 13 37 83 59 86 35 57 23 77 56 56 44 57 95 29 65 50 17 40 83 8 1 39 92 29 43 13 95 65 4 88 91 29 26 23 8 80 82 78 34 94 80 50 68 2 66 2 44 59 83 11 44 17 34 86 30 62 32 68 56 64 59 74 52 52 2 75 62 73
29 4
87 77 5 21 39 17 7 29 13 33 25 89 7 47 21 81 13 17 57 21 49 49 49 67 87 29 45 93 31
15 3
28 32 45 84 5 65 85 1 58 96 60 72 14 67 35
100 2
57 24 92 92 15 30 40 57 32 87 17 13 46 33 1 79 93 2 4 82 21 79 61 27 23 92 93 2 93 44 88 59 22 29 84 47 40 11 16 19 78 61 90 66 48 5 60 90 65 71 25 63 50 61 51 37 65 28 3 34 9 79 38 95 98 70 2 42 2 54 89 36 30 44 65 13 91 92 29 43 80 97 26 43 6 76 33 31 84 83 80 95 41 29 62 64 14 16 28 56
100 4
9 5 65 29 69 41 59 67 28 29 81 5 22 13 70 37 66 65 70 90 97 30 77 69 9 90 26 45 58 6 9 92 66 73 21 46 61 31 18 48 31 83 41 57 1 53 78 77 50 78 21 13 53 5 69 97 54 28 9 18 48 97 37 37 29 89 54 74 30 53 41 7 29 10 69 70 29 45 2 37 94 4 26 70 9 17 41 46 31 70 49 5 26 93 14 63 29 80 74 65
100 4
3 29 23 15 97 94 82 43 81 37 31 95 14 62 62 59 74 69 70 71 90 77 71 37 1 34 23 3 61 42 85 43 22 50 54 19 31 39 18 82 41 21 67 43 46 1 27 10 55 37 85 93 55 95 65 73 89 46 10 29 38 83 67 62 27 11 23 94 50 93 5 33 58 29 41 47 9 17 91 15 54 45 86 93 87 69 66 34 62 29 93 41 67 58 63 86 31 14 15 22
29 4
35 87 61 11 60 47 15 69 75 7 31 43 53 31 75 7 87 87 94 19 67 69 89 15 95 29 27 45 15
15 4
95 17 21 79 51 64 79 21 37 47 73 81 62 95 21
21 3
63 38 52 98 26 47 4 29 2 6 89 51 84 53 76 16 66 19 71 26 58
2 2
17 15
18 4
59 49 39 31 37 86 75 92 11 15 27 51 89 85 8 69 55 91
14 4
37 29 45 59 7 37 77 41 83 75 55 68 29 23
3 4
27 51 11
1 4
26
4 4
39 55 47 47
14 4
5 43 43 59 17 57 37 19 67 75 37 70 4 41
3 3
62 50 98
20 3
65 74 95 59 74 73 17 62 85 41 50 67 46 65 94 62 92 8 65 96
100 3
38 27 68 77 7 77 58 86 10 34 17 8 2 32 47 86 58 70 56 20 53 55 76 65 86 60 53 47 17 54 83 98 46 29 65 95 18 14 73 23 49 23 65 26 65 68 17 83 38 77 79 61 79 35 2 8 67 2 9 23 44 32 49 9 2 8 1 59 77 80 10 59 65 73 85 41 64 62 16 50 60 41 15 76 56 41 41 56 8 44 58 75 71 73 42 10 75 53 65 46
1 4
7
28 4
45 7 47 87 55 63 87 55 43 3 35 15 77 59 59 21 73 31 39 55 1 67 36 59 83 43 57 73
