100
2 1
100 20
200 10
2 2
100 20
200 10
3 2
100 10
100 10
100 10
4 2
9 3
7 1
10 1
8 4
6 1
3021 331854
13625 13
3044 337676
3354 360834
12637 11
3997 387146
9 3
941506 702699
58107 507622
917802 721337
720967 323429
912525 882160
639455 100546
377197 441040
820416 594653
836310 7120
5 1
514222 33350
558406 376360
665861 174479
576890 916084
591267 629706
9 5
38502 253708
142324 68634
12648 772317
224434 43524
583947 16728
333684 29274
334152 29233
129766 75276
163098 59892
2 1
168297 103973
41750 419122
6 1
25546 2152
26470 2028
221414 49
21030 2080
299144 3
28334 2490
8 5
130570 333928
145911 298819
245003 177961
328160 132865
148572 293467
332360 131186
692101 62998
279714 155877
7 5
15609 55
3079 309308
3290 382440
3865 352880
3346 350196
17887 41
3052 339547
6 2
25351 2186
295795 24
20508 2419
21174 2130
241688 4
23289 2127
3 1
3150 368452
3763 304063
13216 57
7 1
455753 112909
409799 855180
907797 469884
176833 199226
818599 811457
934503 136467
282284 933707
8 6
628548 72662
239493 190701
196139 232853
152426 299631
47990 951689
75318 606383
299936 152271
135413 337276
4 1
126370 630698
513060 155345
654690 121739
489659 162769
10 3
565624 937401
100753 189030
629381 418269
828223 970488
954557 667097
441881 335737
464800 794303
284308 623030
639622 232174
919689 736177
6 4
552636 14326
69768 113477
342108 23142
28509 277704
22446 352716
11628 680862
6 1
3944 327962
3455 322407
16111 73
3177 331623
14759 34
3771 307872
7 2
3256 342849
3142 306499
3791 399521
10862 86
3793 307558
3752 304827
16612 97
8 2
26691 2889
26730 2554
25309 2460
20332 2531
277546 26
238304 56
23781 2450
29802 2388
8 2
3304 398544
3260 306338
17186 75
3338 303988
3751 386003
3836 355833
3907 327803
16351 92
9 4
296429 646694
198771 72173
78293 68143
927514 32055
864750 959617
349357 423534
530249 99460
981739 128307
656068 890567
2 1
154854 214141
771320 42992
7 5
3063 356639
3243 373574
3869 301147
3951 301929
11567 3
19084 3
3115 361524
3 2
611504 683449
335051 456649
336943 410115
2 1
18801 35
3291 342814
10 4
23021 2707
206097 44
29222 2459
24813 2378
270475 24
21712 2469
26790 2031
27044 2596
294071 16
28073 2576
5 1
290782 69
21011 2692
24227 2640
272811 28
28775 2748
7 2
21963 2168
267311 1
27729 2714
22077 2346
274529 50
25221 2697
23687 2632
10 3
282164 58
20442 2594
24277 2135
20078 2743
28295 2384
24658 2798
24371 2248
230414 36
22643 2227
228971 79
7 4
5481 653752
138852 25806
22287 160776
130152 27531
786828 4554
59508 60214
4788 748374
2 2
392616 115971
127224 357889
9 4
603346 829628
537573 330791
550750 465748
461833 948332
195897 275319
295353 54133
34267 135726
564 703803
942477 753503
4 2
10221 59
3878 368597
3493 326437
3881 348081
8 6
50418 419101
36228 583257
31846 663513
28407 743839
317471 66558
29102 726075
46416 455236
234143 90245
8 5
638001 11352
668382 10836
121524 59598
19019 380808
10062 719796
35112 206271
74347 97416
8118 892164
1 1
1 1
2 2
96348 220662
64883 327672
8 5
181634 490575
450325 554488
449045 582356
833559 245141
677343 905244
808684 428411
116443 737827
103574 713631
4 3
193126 427406
673020 122646
97130 849822
454108 181770
4 2
686111 121013
853332 97299
90884 913564
111225 746490
5 3
516609 152268
980465 613421
664581 188371
280343 422848
565903 349908
6 3
43611 568543
107477 230698
54203 457442
266461 93052
237227 104519
555674 44621
5 1
328005 252566
228386 362732
240600 344318
101732 814325
172110 481337
2 1
18720 23
3856 353586
6 1
18486 67
3121 370596
10347 1
3476 391588
3257 310296
3267 354670
2 1
27000 2792
215578 89
10 10
1000000 1000000
1000000 1000000
1000000 1000000
1000000 1000000
1000000 1000000
1000000 1000000
1000000 1000000
1000000 1000000
1000000 1000000
1000000 1000000
7 3
175324 568049
929001 107204
233903 425786
159005 626349
806183 123536
219827 453050
587737 169451
8 5
204508 222642
200982 226548
655836 69426
58824 774039
71176 639711
46284 983754
65436 695826
715778 63612
2 1
47556 257986
752531 115778
9 2
267464 51016
110421 123572
89157 153044
106942 127592
16275 838399
513547 26570
303093 45019
15028 907968
32194 423835
3 1
20296 2529
21058 2385
279875 22
7 5
589556 656519
826248 869891
502162 554543
997245 39151
445059 448997
904482 824705
184750 167777
6 1
458964 50209
96492 238819
532246 43296
200787 114769
156956 146819
105043 219378
4 1
213964 59811
455537 28093
133162 96104
147427 86805
2 1
582836 21061
929896 237227
3 1
27489 2798
24507 2633
250223 76
6 2
671530 680822
728964 121032
649588 557970
639748 383889
83206 152595
71330 871680
6 4
780443 718174
362328 865944
80093 376962
242883 346857
14619 285614
253259 214019
2 1
85394 295098
117398 214651
6 3
10157 21
3427 362662
3578 366122
3795 338237
3827 348146
18311 72
9 5
22315 2791
241690 92
29920 2015
26355 2160
22991 2229
295129 1
27054 2981
28957 2001
29626 2808
9 5
22120 2729
23287 2796
21540 2844
274366 21
27490 2001
28586 2734
25775 2139
278798 85
26254 2346
2 1
3321 359533
15899 14
2 2
27993 461448
15093 855848
3 1
213448 24
25469 2545
24900 2658
10 6
3683 338402
3411 399206
18658 68
11946 51
3082 355315
11287 90
3065 398271
3884 319483
3861 341981
3855 370170
7 4
655836 40194
39556 666414
167772 157122
157122 167772
38786 679644
715176 36859
55986 470844
8 3
197043 128618
34097 743270
38964 650428
71233 355780
55694 455045
368383 68796
37302 679408
168810 150129
3 1
27305 2520
27397 2516
233728 19
6 4
719169 8568
23436 262922
44289 139128
158004 38998
487179 12648
33201 185592
7 4
11718 802604
195228 48174
58497 160776
565471 16632
353276 26622
20196 465682
911064 10323
8 3
711753 132781
266978 353989
377481 250363
130327 725155
162831 580401
101665 929595
339942 278010
455828 207331
8 5
39474 242788
302634 31668
71208 134589
340431 28152
16422 583596
30186 317492
942732 10166
13158 728364
10 7
608559 128697
386968 62505
705791 600199
614086 154792
924650 840854
528063 419510
272984 578387
272523 462197
217163 410661
345866 361607
3 2
27685 2019
21462 2631
231108 51
9 2
462655 131373
169977 357580
71204 853609
80888 751414
84835 716454
383683 158413
85409 711639
927888 65504
845393 71896
3 1
287725 206980
900181 628391
581018 266710
9 5
3992 377159
3358 393466
3146 399563
3600 322792
3832 336105
3924 372119
16798 13
10709 4
3464 320780
4 3
157122 39468
13244 468234
18837 329208
110682 56028
10 6
29601 209496
28014 221364
28681 216216
18676 332046
51359 120744
129688 47817
728364 8514
123453 50232
565708 10962
587466 10556
5 3
3776 395451
3044 329718
3240 391596
19289 30
13183 43
6 2
3774 384389
3557 352379
3917 330697
13389 64
3895 350021
11636 62
4 3
19438 40
3508 343000
3341 350024
3485 380459
3 1
24378 2799
21230 2370
256352 79
8 6
27988 2593
275099 47
23568 2227
27213 2606
27002 2110
21315 2365
241128 35
20489 2613
8 5
195286 190404
120744 307951
74046 502164
913234 40716
49364 753246
45066 825084
340431 109224
645946 57564
8 3
209906 13
287629 11
23736 2335
24594 2357
22826 2232
22740 2678
22093 2980
28628 2558
2 1
216192 12678
864306 665732
5 3
48024 363909
50344 347139
97092 179998
359352 48633
20124 868434
2 2
814506 32364
33292 791802
3 2
803899 885024
393989 762547
628601 877056
6 4
203319 24024
293436 16646
283556 17226
15561 313896
158137 30888
732424 6669
2 1
306327 292047
143453 623632
8 5
3525 371247
11010 34
3719 359005
3648 343333
3162 363327
3184 378968
16916 58
3627 382553
2 2
15093 810152
202538 60372
10 5
144864 202066
716448 781304
609912 268588
451844 577827
847075 938930
265728 785503
299999 799306
510107 957317
560000 741159
866514 288440
