99
2525 1
2400 5
300 2
120 60
60 90
689262538 1
126128811 6142
866478239 1
728353158 8836
1000000000 2
999999999 2
999999998 3
687600858 1
60285611 3387
292867889 1
134416661 43
574865694 1
232318757 717
455341031 1
36900364 2219
790392976 1
670843547 9746
510837364 1
300677446 1417
20254733 1
17976628 9539
266542988 1
197220234 3762
451221879 1
65602275 5188
1000000000 1
999999999 10000
200000 2
5000 2
5001 1
923262952 1
798436056 5431
475841696 1
359420719 3005
27471191 1
26488440 3092
2 1
1 1
522785974 1
484202888 5529
1000000000 1
1 1
1000000000 2
2 2
1 3
248907196 1
121902354 1015
1000000000 2
999000000 1
998000000 1
268020475 2
22948170 1902
234218910 5964
349855926 1
15714060 2064
440267239 1
426718509 4722
805392734 1
164612716 703
764252546 1
352814131 7909
858643232 1
406739048 1440
764870660 1
15457027 442
886603317 1
750646816 4959
762804455 1
188500004 9066
691029124 1
462002907 4896
182924094 1
75816608 6661
708159265 1
480813988 7932
277220195 1
15354761 8608
423947263 1
147471825 9291
310888715 1
79568343 5302
1000000000 2
999999997 2
999999996 3
898266084 1
536074269 5749
36818959 1
24728900 9790
821522928 1
284549938 6689
1000000000 2
200 10000
100 10000
731172983 1
423803794 1360
74293602 1
5472914 6775
489044782 1
182976327 4932
155624401 1
190024 6696
763814788 1
158377488 2886
284635174 1
9816405 4770
904479421 1
213598389 7780
821918702 1
535380758 7523
958304308 1
445760782 3575
1000000000 2
998000000 10000
999000000 10000
520040804 1
126617802 5388
744808745 1
497655415 1349
466582921 1
266132447 2259
447532858 1
25804993 9562
993372916 1
871651172 9614
536220036 1
345818805 8818
832268986 1
195535961 1852
454428337 1
206797962 8393
13410212 1
11033482 966
1000000000 1
999999999 1
912194200 1
509260928 3803
282110947 1
97516613 2145
565624151 1
451624954 7363
340393921 1
144878209 4473
2 1
1 10000
108558101 1
32194305 347
61670330 1
55475800 121
346760328 1
345159334 1850
805338404 1
176800776 5175
179885321 1
4742338 6322
477865590 1
393445660 4027
987353269 1
815205093 3992
360301188 1
57151100 9770
750001799 1
543175140 9729
40892682 1
11303744 1712
414732813 1
454545 2414
90464501 1
71589933 1062
839610138 1
415056033 62
985175495 1
578830705 2615
90827197 1
4912039 2085
729093742 1
37683849 8516
404314809 1
38601939 8968
1000000000 1
1 10000
370715790 1
237213400 679
520483981 1
1904266 8372
986466857 1
818037152 1986
869150137 1
501272573 9358
86466525 2
49715797 5875
116619 8674
612585793 1
257146354 1587
259816987 1
133537961 503
902709289 1
317683833 9435
1000000000 2
12345675 3
12345676 2
1000000000 2
999999998 2
999999997 3
311760628 1
311634577 5100
