100
1 1
540 600
840 900
2 0
900 1260
180 540
1 1
1439 1440
0 1
2 2
0 1
1439 1440
1438 1439
1 2
3 4
0 10
1420 1440
90 100
550 600
900 950
100 150
1050 1400
48 65
736 740
864 865
414 421
1024 1025
803 804
777 783
531 557
1127 1132
950 955
131 149
588 593
821 828
658 661
291 304
755 756
1185 1186
1164 1168
149 153
396 403
568 588
318 323
599 603
118 120
105 117
957 958
593 595
1418 1440
1292 1293
725 730
153 156
613 615
1357 1365
1381 1382
615 616
187 190
663 668
1181 1185
1168 1181
889 907
668 670
1335 1336
595 599
919 926
200 221
197 200
1186 1187
479 490
1294 1318
387 390
603 613
1117 1122
1058 1059
448 471
1348 1353
33 41
884 889
926 931
517 529
783 803
1319 1322
959 967
994 998
557 568
376 378
835 842
529 530
266 276
1278 1288
120 131
1325 1326
670 676
756 757
880 884
979 994
865 872
1156 1164
828 835
79 105
117 118
530 531
1326 1331
872 873
1374 1381
382 387
1201 1202
907 918
1322 1325
360 376
750 755
1365 1369
444 447
684 686
276 291
1291 1292
661 663
41 53
1052 1058
1202 1213
977 979
1253 1278
1343 1348
1407 1418
1403 1407
182 187
315 318
67 72
1400 1403
262 266
931 950
1293 1294
6 11
63 67
1090 1117
0 2
0 360
1080 1440
98 5
880 883
1419 1420
792 809
756 766
1007 1010
634 641
729 742
30 35
1336 1345
1368 1369
83 87
57 59
1030 1038
47 49
776 782
496 499
836 838
838 841
641 656
934 935
930 931
567 568
1088 1103
22 24
210 219
973 987
842 855
505 519
519 524
922 930
364 375
609 621
462 471
102 104
1382 1386
742 748
1131 1137
1257 1275
1051 1056
375 384
196 199
1128 1131
104 106
990 991
524 552
26 28
484 496
901 916
828 832
132 136
748 756
59 75
140 146
1180 1184
568 573
156 168
1369 1374
1361 1368
988 990
1374 1377
832 836
456 462
192 195
552 561
577 578
1065 1069
499 505
766 776
1173 1179
39 47
5 12
1019 1026
146 149
573 577
124 132
706 711
935 938
841 842
442 447
1228 1257
1156 1161
348 362
429 437
1323 1336
1275 1297
1026 1028
872 879
995 1001
879 880
317 338
1318 1323
861 862
705 706
1063 1065
308 311
219 220
1143 1146
723 729
656 665
1056 1063
579 584
566 567
938 946
2 0
10 360
1080 1430
35 95
547 553
960 966
1032 1035
102 108
918 919
378 387
1074 1078
1225 1226
774 775
561 569
1084 1088
1250 1260
76 77
1182 1193
279 286
1093 1099
1233 1243
248 261
722 726
713 717
1113 1117
170 172
99 102
906 907
690 700
387 401
826 830
911 918
1335 1336
900 906
1043 1047
979 984
1411 1415
1164 1166
880 882
286 296
301 309
354 363
830 841
1216 1224
325 354
1270 1281
1409 1411
96 99
958 959
261 271
617 618
48 60
45 48
271 274
108 113
1269 1270
1396 1409
463 465
9 11
863 866
1295 1301
1422 1426
1166 1170
1127 1141
410 419
546 547
1281 1284
1150 1164
401 407
153 170
634 635
324 325
1099 1105
472 477
221 238
17 24
204 206
676 677
1243 1244
558 561
1437 1440
1324 1326
1047 1059
191 193
89 96
493 501
569 572
1110 1113
81 89
479 480
627 634
700 713
1247 1250
920 937
587 592
1064 1074
572 579
683 687
1226 1233
1343 1366
274 275
852 853
791 796
454 457
1306 1308
726 730
363 373
177 183
1023 1032
1173 1182
26 29
206 221
1377 1382
32 40
503 516
123 134
134 139
538 546
122 123
238 244
594 601
579 587
373 378
1193 1205
1331 1335
77 81
1291 1295
593 594
592 593
142 143
1426 1437
1147 1149
796 804
610 616
39 81
126 129
517 520
91 106
465 466
565 575
385 395
437 446
145 157
1131 1146
527 530
855 862
1338 1346
466 471
1245 1261
323 327
1297 1316
1336 1338
741 761
1054 1057
256 290
699 706
425 437
298 319
1160 1163
1016 1024
1045 1053
1126 1128
1115 1126
738 741
787 789
803 813
520 526
16 40
647 667
1386 1412
681 682
118 125
335 337
347 360
218 223
829 855
915 921
675 676
1262 1263
1374 1386
557 565
1431 1440
1430 1431
667 675
239 240
1316 1327
157 158
290 295
54 65
447 449
1333 1336
715 718
735 738
1268 1272
903 906
251 256
897 903
135 143
337 347
644 647
319 323
452 465
1202 1224
471 493
129 135
771 772
1053 1054
1128 1131
706 715
819 824
789 803
449 452
824 829
1163 1164
225 230
40 41
372 373
360 372
46 54
1090 1104
921 926
65 75
11 16
373 383
1012 1016
718 735
108 118
985 1012
612 614
1239 1240
575 578
1038 1045
1072 1090
1240 1242
158 162
446 447
504 517
1224 1227
1351 1355
327 335
1283 1297
1227 1239
107 108
1104 1115
1327 1333
614 644
772 787
295 298
1261 1262
548 557
893 897
906 908
162 218
143 145
223 225
99 56
1202 1203
372 373
1399 1401
393 394
987 991
243 245
1231 1240
1305 1306
994 995
1161 1162
837 838
854 856
526 533
68 71
1107 1110
1268 1271
145 162
1348 1350
700 701
502 504
871 874
1083 1088
381 390
473 474
1079 1082
294 302
617 618
172 173
624 626
130 133
1176 1178
1192 1196
778 788
262 263
1261 1263
1322 1328
360 368
668 670
922 925
25 30
1091 1096
1070 1074
1401 1404
793 794
952 953
792 793
496 502
1117 1124
1424 1435
590 594
1062 1070
595 600
1003 1013
1115 1117
701 703
46 47
982 984
246 255
124 126
311 316
1281 1286
788 792
540 544
105 106
1299 1301
190 198
443 451
47 55
390 393
1221 1222
574 575
794 817
1096 1104
981 982
74 82
953 959
111 116
1222 1231
373 380
371 372
224 228
73 74
1335 1336
656 662
1271 1272
662 668
834 835
1380 1381
604 607
935 936
626 628
1220 1221
170 171
1333 1335
465 471
835 837
817 818
584 590
1263 1268
429 430
685 689
891 893
621 624
600 604
1240 1242
57 61
1381 1383
897 914
716 718
1055 1061
218 219
976 977
1318 1320
1088 1091
316 330
819 820
210 212
894 895
430 437
670 672
266 267
411 412
689 695
402 411
914 922
895 897
1200 1202
977 981
166 167
534 539
959 960
126 130
348 350
1165 1174
1075 1078
306 307
1393 1398
183 190
544 551
289 291
1392 1393
743 747
513 514
1312 1313
1435 1438
594 595
1328 1329
514 525
1110 1111
1329 1330
107 108
63 68
563 567
1203 1207
1207 1213
2 0
1080 1430
0 360
43 93
226 231
1278 1279
1309 1311
1346 1349
1328 1330
1322 1323
1090 1092
465 471
1023 1028
434 438
50 60
1147 1153
837 843
15 26
1305 1306
246 255
1153 1154
1299 1305
671 675
1400 1405
593 595
675 681
595 601
122 124
1315 1316
184 189
588 591
11 15
124 129
444 462
787 788
1154 1159
640 647
120 122
196 203
639 640
404 420
619 628
816 833
878 887
518 520
1306 1309
725 729
298 310
1047 1055
681 684
656 659
1114 1121
945 947
788 794
424 432
953 956
771 772
486 500
500 505
900 935
47 50
804 812
354 355
462 465
1028 1032
778 787
1391 1400
275 290
1121 1147
192 193
1313 1315
1323 1324
956 962
1046 1047
1340 1346
1011 1020
877 878
1109 1114
85 96
1021 1023
843 861
1006 1011
702 709
471 484
102 118
382 383
295 298
977 979
1335 1339
78 81
142 145
135 138
1020 1021
1100 1109
577 580
1092 1100
1032 1034
774 778
1222 1230
26 27
935 936
342 346
1260 1271
77 78
758 771
861 877
260 263
1034 1046
349 354
133 135
729 731
744 748
794 804
203 208
60 68
1363 1379
684 690
647 656
1311 1313
165 169
1177 1193
507 513
145 165
381 382
520 526
118 120
193 196
1193 1222
236 237
947 951
998 1006
603 619
328 342
748 757
182 184
129 133
973 977
757 758
96 102
628 639
26 36
383 387
1284 1292
951 956
1297 1298
935 945
750 757
1371 1380
622 628
1298 1299
675 682
240 246
1208 1209
1429 1433
745 750
981 984
987 989
341 348
571 573
893 906
779 795
628 632
1213 1214
731 743
923 935
519 569
459 461
763 768
101 103
1380 1395
1129 1130
226 227
311 314
467 494
1130 1136
508 519
124 126
648 651
1274 1284
126 130
1292 1297
757 758
1214 1216
1128 1129
157 158
204 206
1234 1235
1346 1367
1262 1274
145 157
1218 1223
984 985
591 594
298 310
728 729
348 359
914 921
721 728
206 212
611 622
594 601
430 434
286 287
49 63
1289 1296
958 965
631 633
1423 1440
447 452
275 286
287 304
387 390
453 455
65 66
166 178
1129 1138
542 553
473 492
1272 1281
794 798
26 36
1046 1048
1336 1342
493 502
1421 1422
345 350
502 514
1314 1315
39 55
272 275
1406 1407
591 592
492 493
801 805
63 65
242 246
594 601
1117 1123
737 743
576 577
257 262
317 323
620 624
735 737
533 534
236 241
70 75
814 815
748 749
1417 1421
615 620
534 537
972 1003
875 878
1396 1403
791 794
721 723
354 364
743 745
1342 1374
1094 1096
390 394
577 591
633 642
1215 1226
1138 1144
1422 1423
56 61
517 533
152 154
1299 1312
1238 1247
139 147
66 70
965 969
674 682
352 354
826 828
1109 1117
178 179
798 800
165 166
1410 1417
1383 1390
889 902
81 109
1053 1062
1390 1396
564 570
684 697
821 826
1003 1013
800 801
852 856
122 127
340 345
537 542
749 768
872 875
212 214
705 709
570 574
147 151
61 63
712 721
1409 1410
1315 1336
200 212
779 782
1188 1215
941 944
338 340
350 352
1051 1053
1374 1383
116 122
98 5
456 468
1132 1133
1163 1182
1416 1424
1225 1226
705 708
952 953
59 60
689 702
502 507
295 306
492 496
340 347
239 247
684 689
974 983
414 416
255 262
288 295
323 334
279 284
109 129
884 894
525 539
1101 1105
1307 1313
702 705
1220 1222
1242 1243
86 90
93 100
468 473
983 987
1232 1236
451 456
901 903
406 411
542 545
1368 1376
1130 1132
944 950
654 657
1426 1439
1222 1225
676 684
1039 1040
610 611
520 524
785 795
1049 1051
247 255
278 279
220 223
1365 1367
928 933
1363 1365
357 377
389 402
181 196
1006 1019
558 560
377 389
1439 1440
1122 1130
1136 1137
545 546
987 999
598 602
1194 1204
643 654
756 776
1330 1331
1367 1368
262 277
721 732
81 85
416 419
473 478
611 623
903 915
90 93
1146 1147
177 181
284 285
933 944
196 198
776 778
355 357
1352 1360
1147 1148
1204 1220
1141 1146
131 152
1376 1380
821 836
320 323
1424 1426
402 403
511 520
31 58
314 315
560 571
858 864
25 61
1031 1055
563 570
1009 1015
1352 1355
762 768
302 304
1343 1347
955 957
570 574
1430 1440
899 900
285 295
920 922
510 514
1209 1223
505 510
991 995
560 563
696 706
1098 1100
35 40
1336 1341
257 285
1365 1388
1284 1287
692 696
474 489
514 528
113 114
496 498
623 630
672 691
937 944
1059 1071
450 467
357 359
135 160
1223 1228
103 113
347 357
1112 1126
972 986
202 213
1287 1293
83 91
532 535
847 850
470 474
359 363
91 94
1204 1208
1202 1204
822 823
393 396
1021 1031
1277 1283
878 890
415 421
927 937
1156 1161
383 385
860 861
824 842
166 169
1071 1092
62 74
609 615
1126 1128
400 403
1128 1134
890 898
1007 1009
842 847
296 302
414 415
630 659
437 443
988 991
1397 1411
802 821
706 710
379 383
796 802
691 692
1355 1360
337 346
57 8
529 547
284 290
1189 1199
1047 1051
1276 1287
1131 1133
809 812
890 892
518 519
1273 1276
483 496
833 843
4 23
1298 1306
250 259
1402 1405
1231 1246
1171 1174
383 401
1097 1099
372 383
975 977
1262 1270
210 214
756 764
318 322
417 444
699 703
292 303
1174 1189
1249 1253
455 456
52 55
642 644
1199 1212
259 262
590 591
315 318
290 292
574 583
625 627
995 999
711 717
943 961
176 190
743 744
1005 1013
310 315
1220 1230
909 914
1105 1122
1217 1218
478 483
136 139
55 56
444 448
217 222
32 41
401 409
566 571
583 586
127 129
553 566
280 284
247 250
36 16
868 877
909 910
929 932
752 773
733 737
746 752
1016 1025
5 21
882 892
1427 1440
932 934
982 988
351 363
568 576
341 351
1202 1213
495 538
68 90
1331 1333
441 454
306 319
973 979
840 842
1252 1253
203 212
1238 1240
1322 1323
1253 1273
820 834
924 926
896 909
336 341
1297 1310
1226 1232
1054 1063
1310 1320
257 264
963 966
612 615
146 157
222 235
934 954
805 813
865 868
429 441
454 456
590 605
363 369
319 320
1367 1379
559 568
834 839
68 97
945 949
343 346
1088 1090
703 710
929 931
1266 1272
562 565
1020 1027
566 572
695 702
960 973
338 343
325 330
875 877
855 857
425 426
565 566
1035 1037
690 692
599 605
989 990
267 279
1085 1088
1399 1405
160 175
106 114
208 209
1417 1418
14 17
1180 1181
735 737
265 267
1184 1185
1114 1115
676 679
625 630
802 803
518 519
367 373
349 351
200 203
279 284
638 644
1196 1199
863 869
644 646
1163 1164
1232 1242
734 735
619 625
1125 1126
1004 1007
1189 1192
1215 1216
223 227
670 676
609 612
1273 1281
1126 1134
44 47
1192 1196
1332 1333
1090 1091
332 335
1039 1049
39 43
1305 1310
840 842
416 417
1115 1122
417 425
374 386
1161 1162
1112 1114
147 153
801 802
785 791
137 139
1296 1297
364 367
103 106
679 690
190 192
1216 1220
862 863
949 952
203 207
1242 1254
857 858
144 145
504 508
572 583
592 595
617 619
711 716
1388 1392
836 837
933 939
663 667
952 958
1175 1178
479 495
1157 1159
1301 1302
667 668
549 554
522 525
590 591
43 44
612 614
1056 1065
1091 1104
803 807
1357 1374
50 54
1392 1393
510 514
1282 1287
1333 1337
849 855
285 290
1173 1175
330 331
821 829
536 549
232 234
1337 1350
745 748
583 586
588 590
990 999
335 338
477 479
554 562
973 978
120 122
837 840
439 444
519 522
192 198
258 259
293 298
54 61
1297 1301
73 79
605 609
983 989
791 793
447 466
1350 1357
525 530
1436 1438
1434 1435
98 103
958 960
1111 1112
531 532
1287 1296
1310 1326
1018 1020
530 531
903 917
1106 1111
1272 1273
331 332
2 0
10 360
1079 1429
83 22
707 709
1439 1440
256 257
100 104
175 176
166 169
188 210
1057 1060
1376 1390
1064 1068
377 379
1331 1334
51 58
570 576
238 256
210 214
637 638
395 414
1189 1191
79 84
479 482
1270 1271
439 448
566 570
483 486
626 627
855 868
306 310
1045 1050
381 385
935 938
694 695
224 230
793 798
93 100
379 381
127 132
1360 1373
1418 1421
1001 1002
363 370
1256 1261
39 46
214 220
850 853
576 581
775 777
414 417
823 826
58 65
669 674
674 677
653 656
777 778
513 519
417 419
666 667
370 372
1002 1018
1180 1188
1056 1057
519 534
695 698
1306 1315
134 140
112 113
1037 1045
65 78
581 583
1390 1404
336 341
722 733
46 51
967 972
482 483
677 679
179 186
140 156
560 565
330 336
681 689
1263 1264
1271 1272
156 166
1252 1256
387 395
1178 1180
1235 1240
422 424
545 549
86 88
1149 1151
1287 1289
104 107
1151 1152
298 304
638 646
1070 1075
798 804
994 1001
534 545
689 692
646 653
460 470
871 877
81 76
738 740
721 726
417 418
360 363
1004 1005
1207 1209
926 928
142 145
593 594
701 704
1348 1355
1069 1071
250 254
448 452
257 267
523 525
112 117
940 944
935 939
859 865
267 269
1330 1334
178 182
638 639
406 407
25 29
213 222
1334 1337
1071 1075
1355 1357
1313 1316
1232 1237
1117 1121
868 873
671 677
122 133
36 40
224 229
680 684
865 868
1288 1291
317 320
1054 1055
1121 1140
525 526
639 642
939 940
42 49
653 660
206 209
1001 1004
660 671
275 285
829 835
787 788
1209 1214
209 210
910 912
1057 1059
290 291
1358 1362
433 448
991 1001
873 874
82 86
271 275
175 178
117 120
1259 1264
1068 1069
1436 1440
1183 1187
1061 1068
575 587
622 630
620 621
407 411
374 379
1230 1231
1086 1087
1231 1232
1088 1095
232 239
617 619
1357 1358
946 957
1051 1054
502 511
685 689
1325 1326
570 575
500 502
621 622
734 738
4 10
740 753
389 395
1285 1288
708 713
379 384
1237 1239
51 57
1423 1431
324 335
1337 1347
1280 1285
518 523
338 346
269 271
241 250
64 66
836 849
1401 1421
1115 1117
726 734
192 193
202 203
1225 1230
1249 1256
40 41
601 610
1095 1115
773 776
1431 1432
969 970
1044 1051
772 773
452 462
139 142
203 206
86 101
1160 1162
486 495
395 406
470 472
753 754
566 570
1140 1153
517 518
101 112
335 338
1277 1280
1291 1296
1078 1081
1222 1225
930 935
1362 1370
897 907
1187 1199
222 224
384 389
1296 1313
944 945
818 829
3 4
472 477
852 854
1 1
0 1
1439 1440
15 99
766 776
9 17
781 783
538 562
1189 1193
1383 1385
709 715
602 610
1137 1165
155 160
1437 1440
241 248
683 686
588 597
858 861
490 497
654 668
783 798
345 352
276 279
352 358
927 943
1320 1325
1077 1087
827 842
760 766
943 953
956 980
338 340
1307 1310
358 363
1222 1227
162 172
1436 1437
749 752
872 881
686 688
1242 1256
1072 1076
842 844
230 237
71 74
1055 1062
641 649
737 743
1076 1077
721 726
253 271
1216 1222
997 1005
502 513
296 301
376 384
224 226
1044 1046
715 721
17 21
1169 1173
43 58
312 315
881 885
1193 1201
194 197
301 308
78 79
629 635
1165 1169
861 863
1186 1189
803 809
1062 1072
291 296
913 927
411 424
1262 1275
755 760
866 868
531 538
58 60
1310 1314
844 847
384 411
282 287
464 469
953 956
628 629
688 691
27 36
1357 1368
708 709
272 275
497 502
248 253
847 853
89 104
1022 1025
1256 1262
826 827
308 312
279 282
129 155
60 61
814 826
1173 1176
455 463
64 71
1314 1320
622 624
889 913
853 858
1343 1346
743 749
289 290
1385 1407
0 2
1080 1440
10 360
59 32
1307 1310
185 187
273 274
955 956
1175 1176
958 960
756 759
362 372
1069 1081
1068 1069
148 168
1 6
616 623
1365 1369
1291 1296
71 73
1414 1418
1026 1031
910 920
1312 1315
899 900
586 596
467 477
1244 1246
227 236
51 58
1039 1043
242 244
1310 1312
969 970
646 651
138 148
343 346
358 362
1140 1149
416 422
904 905
380 392
59 64
299 304
818 830
900 901
657 660
1319 1328
724 726
660 662
880 897
35 51
1221 1229
1208 1218
292 294
1149 1152
909 910
128 135
993 997
197 199
631 632
402 416
536 555
973 974
494 507
1163 1169
1010 1012
372 377
328 334
1034 1039
732 736
294 298
298 299
493 494
738 745
830 834
1176 1184
1191 1193
970 973
1046 1056
759 762
1081 1087
871 875
783 787
422 439
309 317
1014 1016
922 933
1384 1387
6 22
1241 1242
74 95
793 800
172 175
791 793
88 21
355 359
241 245
668 669
870 875
359 366
772 785
15 23
1071 1072
843 846
1138 1143
1211 1224
296 299
412 424
517 521
193 207
986 995
1128 1131
931 933
1192 1211
514 517
270 271
1176 1188
67 74
1436 1439
1289 1290
604 609
482 494
1404 1407
299 301
611 623
684 686
45 46
1131 1134
881 884
1302 1315
238 241
1075 1105
56 59
1384 1386
1134 1138
132 137
846 856
350 355
1249 1275
150 158
665 668
1237 1241
933 943
1317 1322
766 772
128 132
207 229
1232 1235
669 676
1188 1192
109 113
1407 1408
1322 1331
59 67
723 754
699 715
1235 1236
1275 1289
929 931
521 525
1374 1380
30 33
631 634
1335 1336
143 144
494 510
1439 1440
1388 1393
543 544
950 964
189 193
113 114
1364 1374
785 793
137 143
715 721
856 857
366 371
801 804
676 682
371 377
332 333
1290 1300
377 384
510 514
23 30
761 766
390 412
943 947
599 604
1024 1059
343 350
52 56
453 454
438 447
279 296
78 102
609 611
544 547
102 109
424 438
1105 1115
754 755
682 684
95 13
67 79
999 1001
209 232
390 392
713 714
920 935
704 707
279 296
232 233
454 458
818 835
666 685
509 514
792 802
918 920
1048 1063
1263 1266
440 443
1262 1263
317 323
458 460
354 359
754 759
1319 1321
810 812
329 330
520 526
1304 1310
196 209
296 305
305 306
153 173
541 542
1266 1271
1063 1066
40 50
964 967
405 409
539 541
1271 1277
414 419
1039 1040
1439 1440
1193 1197
173 174
1314 1318
126 143
265 269
542 543
552 564
460 472
685 698
394 405
835 836
174 176
783 792
79 83
1108 1113
436 440
149 153
269 270
1037 1039
912 918
1365 1367
11 39
945 949
700 704
1430 1439
759 760
1250 1255
1044 1048
883 897
56 66
714 723
583 601
603 607
1190 1193
1321 1352
840 862
1170 1177
258 265
607 610
988 999
949 964
1020 1026
723 726
660 666
105 118
967 977
1001 1004
1421 1430
619 623
935 939
543 551
862 866
323 325
237 251
836 840
233 237
306 314
359 362
472 504
610 619
122 126
1367 1381
1418 1421
332 340
50 56
56 100
944 945
1415 1416
918 938
1135 1140
1211 1218
568 591
304 331
172 179
1315 1317
696 701
292 294
513 515
880 897
591 611
1336 1344
225 239
1089 1099
200 205
951 957
527 528
209 220
1161 1166
1166 1178
1372 1376
1302 1312
288 291
1049 1050
467 469
1344 1355
1160 1161
1426 1428
720 722
1359 1362
298 304
71 82
641 657
132 139
239 245
1226 1247
1140 1152
274 279
810 817
986 987
411 416
386 388
1133 1135
1107 1112
103 104
331 349
197 200
827 834
914 918
638 641
515 527
1416 1424
287 288
1376 1381
205 209
393 406
147 153
632 635
1032 1041
1106 1107
496 506
528 538
104 108
122 124
443 446
1401 1405
677 689
938 940
5 13
506 513
294 295
183 195
691 692
153 166
1051 1071
369 376
940 944
782 792
424 433
46 56
434 438
1126 1133
1405 1414
1362 1364
179 183
469 484
446 453
484 496
1390 1401
630 632
82 83
170 172
689 691
897 908
118 119
538 542
1432 1440
722 725
56 61
549 557
803 810
195 197
759 765
252 274
542 543
622 628
987 993
1208 1211
108 118
1317 1319
993 998
1319 1336
860 866
1389 1390
1355 1359
125 132
1041 1049
1280 1282
701 711
1371 1372
844 860
1289 1302
1112 1126
557 560
39 46
349 369
711 720
1159 1160
628 630
279 287
406 411
560 568
1077 1083
291 292
438 443
1103 1106
139 147
453 465
1247 1273
295 298
879 880
416 422
799 803
433 434
1428 1432
1364 1371
945 951
957 962
908 914
166 170
866 879
1083 1089
727 759
5 100
850 855
900 903
908 909
39 48
128 130
930 932
328 331
590 591
826 834
1280 1282
238 239
855 861
36 37
385 386
569 571
864 867
1151 1152
1163 1169
641 643
63 72
423 425
685 689
1042 1052
270 271
1132 1133
487 488
781 786
321 322
868 877
430 442
702 703
834 847
554 561
1370 1372
199 200
996 1005
130 150
204 224
1299 1300
643 654
107 114
867 868
58 63
502 514
1256 1259
764 766
114 118
239 240
1157 1159
457 462
942 962
561 568
483 484
546 549
933 938
264 267
514 516
987 991
1142 1147
176 186
118 119
1025 1041
909 917
1417 1429
1263 1271
1112 1114
267 270
31 33
50 55
985 986
1136 1140
568 569
476 483
399 406
862 864
1084 1086
322 325
1147 1151
105 106
406 409
191 199
1382 1388
303 307
1099 1112
171 176
1086 1087
1356 1366
446 455
591 592
1059 1062
397 399
271 277
719 730
812 818
462 467
1140 1142
336 344
786 793
682 684
1252 1256
1429 1437
1297 1299
516 543
795 802
1303 1310
34 85
275 281
750 758
802 824
853 866
1156 1181
771 774
109 125
1419 1427
155 170
1013 1015
456 457
1314 1319
949 953
758 769
1360 1363
1083 1087
547 554
195 196
309 311
608 614
1234 1258
351 360
508 514
183 185
373 374
800 802
454 456
26 41
1366 1368
614 622
605 608
86 91
492 498
1363 1366
432 451
1377 1378
241 250
1327 1329
251 275
316 334
498 502
1110 1111
1065 1071
1111 1131
151 153
451 454
1435 1440
708 713
1258 1278
1427 1431
196 201
93 100
360 373
391 392
953 966
1139 1156
896 919
694 708
515 532
127 135
966 982
374 378
1359 1360
778 787
347 351
91 93
1319 1327
622 630
201 206
1103 1110
100 101
1378 1401
187 195
1291 1295
1056 1065
945 949
41 56
850 853
919 924
153 155
837 849
681 683
125 127
554 575
1431 1434
481 484
250 251
1329 1348
1010 1013
135 142
170 175
334 347
713 720
1203 1213
502 508
1368 1377
790 800
1131 1139
1313 1314
484 492
65 67
924 945
774 778
67 86
1278 1291
314 316
1077 1083
175 183
105 109
378 391
281 292
824 830
1197 1203
1434 1435
1213 1218
474 481
830 837
769 771
683 688
0 100
1397 1401
1060 1061
1101 1103
1128 1129
960 966
571 576
772 774
1167 1168
939 940
1416 1426
1095 1101
1296 1299
1006 1007
1251 1257
365 379
536 538
331 332
985 1003
452 455
532 534
907 911
214 217
1438 1440
530 532
1300 1304
919 920
380 381
876 877
948 960
538 545
462 470
168 178
1266 1273
248 264
322 323
1288 1296
729 736
1003 1004
809 818
1304 1306
308 311
1402 1406
982 985
549 551
178 179
339 360
1056 1060
823 829
877 881
649 652
1134 1135
685 688
1433 1435
789 809
1435 1438
392 394
247 248
271 284
1215 1223
324 329
179 180
190 191
736 745
474 493
1183 1191
1049 1056
1244 1246
774 784
265 268
1273 1274
31 32
762 769
1213 1215
1069 1071
394 399
534 535
399 420
20 23
382 385
1151 1165
673 680
688 703
818 822
626 628
332 333
844 846
1092 1095
1168 1171
535 536
284 289
52 55
507 513
504 507
323 324
387 392
725 729
922 927
1135 1140
663 673
149 160
81 92
603 614
301 303
494 497
851 858
525 528
505 525
1349 1351
183 187
1182 1186
259 272
70 82
461 464
916 926
1431 1440
569 575
1069 1082
1194 1195
1118 1121
493 494
937 946
674 678
1311 1323
741 745
143 158
672 674
1084 1100
82 85
986 1001
777 780
27 53
280 281
891 895
981 986
245 247
15 16
895 899
858 867
285 289
596 600
628 629
1244 1253
500 505
927 933
972 981
169 179
255 259
230 243
196 199
329 334
963 967
92 94
600 603
469 474
726 731
745 746
1253 1256
933 937
1256 1259
950 954
746 757
1178 1179
594 596
667 672
1233 1244
773 777
1179 1182
1058 1067
14 15
962 963
1196 1215
809 816
1327 1338
913 916
1386 1406
899 913
804 809
1215 1220
871 889
1134 1139
247 255
695 697
159 169
1274 1294
1410 1420
334 344
971 972
497 500
780 796
1186 1194
1220 1233
303 305
575 585
362 372
1259 1274
1168 1177
1002 1005
179 182
540 563
297 301
344 349
1139 1155
1005 1034
1067 1069
1428 1431
318 329
1045 1058
432 437
1034 1044
889 891
54 65
1420 1428
85 92
437 455
243 245
187 196
476 484
272 280
65 70
528 540
199 205
311 318
53 54
1177 1178
868 870
816 830
870 871
205 216
16 24
455 461
350 358
614 628
679 695
1155 1161
970 971
216 228
1082 1083
1323 1327
372 384
1348 1349
629 667
289 297
158 159
412 420
796 798
720 723
926 927
565 569
349 350
1339 1348
1294 1311
563 565
798 804
306 311
124 130
1044 1045
1351 1366
1001 1002
464 467
228 230
94 124
24 25
474 476
136 143
467 469
305 306
420 432
399 412
130 136
1406 1410
1338 1339
390 399
585 590
967 970
77 95
1031 1034
1071 1072
278 282
1431 1437
333 336
55 65
1040 1043
1231 1235
47 51
940 946
1317 1322
559 566
1425 1431
755 758
809 812
34 47
493 499
84 87
603 605
336 337
925 928
1131 1133
1187 1195
1129 1131
104 108
339 342
998 1004
954 956
681 684
202 206
138 141
329 333
1172 1186
1439 1440
1092 1093
206 211
1399 1401
1265 1266
430 433
1379 1381
423 425
692 697
438 443
1255 1257
231 239
1377 1379
230 231
684 688
1267 1272
890 895
697 700
689 692
1171 1172
1338 1341
226 230
1198 1203
136 137
1279 1280
1170 1171
342 355
1341 1345
605 608
566 569
1288 1289
355 356
262 264
1280 1285
311 316
259 260
617 618
255 258
387 390
87 88
127 136
929 930
750 755
485 486
258 259
933 940
600 603
724 736
613 614
718 720
413 420
949 950
1214 1218
712 714
857 864
1186 1187
688 689
871 884
1227 1228
394 399
1147 1152
950 954
141 144
1404 1409
260 262
1386 1399
319 321
1099 1102
989 998
864 866
798 803
491 492
866 871
1437 1439
305 311
956 967
720 724
372 375
1203 1211
70 74
31 32
1337 1338
784 798
1057 1062
51 55
803 805
1306 1315
420 423
1006 1007
630 636
1213 1214
1323 1325
598 600
1218 1226
327 329
114 123
1034 1036
449 453
1087 1091
534 537
946 949
1247 1250
1381 1386
1261 1265
610 613
932 933
1301 1306
1152 1163
435 438
1045 1048
828 836
293 296
1274 1275
1098 1099
74 79
1257 1261
79 84
1250 1255
736 746
175 188
1368 1371
356 366
896 904
211 218
201 202
888 890
976 989
1093 1095
425 428
1371 1377
499 501
502 514
532 534
967 970
123 127
1289 1301
1354 1355
1353 1354
301 302
0 2
180 540
541 901
100 59
1389 1413
213 216
758 761
1001 1003
857 864
526 533
666 670
216 221
1330 1335
844 857
172 182
627 632
701 708
362 366
109 111
481 490
1251 1253
63 64
906 914
732 741
11 14
372 374
1208 1211
46 57
673 674
882 903
594 604
878 880
662 666
191 193
761 764
1353 1361
768 769
224 229
1142 1152
1106 1109
649 651
722 723
1287 1292
983 1001
1177 1183
642 649
1365 1368
803 806
393 397
275 278
1006 1008
1277 1281
656 657
86 95
930 933
1102 1106
183 184
1303 1304
506 507
1313 1314
99 104
229 231
831 832
518 526
872 877
1376 1387
608 610
243 261
366 372
731 732
504 506
1227 1229
723 729
1281 1284
1284 1287
1364 1365
67 81
659 662
565 567
1217 1220
772 774
756 757
1198 1199
961 967
1057 1060
1211 1215
433 440
1304 1307
1070 1078
1233 1251
607 608
678 681
953 954
1335 1339
1292 1294
653 656
468 476
1420 1437
95 99
1061 1068
782 800
1004 1006
1307 1313
681 689
1413 1414
1314 1316
832 838
500 504
619 622
221 223
324 325
548 560
1259 1264
774 775
880 882
165 170
636 642
757 758
954 956
1060 1061
104 109
946 948
231 243
618 619
708 715
310 324
459 468
689 690
170 172
82 86
397 420
1220 1227
560 565
1294 1303
939 946
715 721
337 362
23 29
1013 1026
877 878
868 872
867 868
383 393
610 616
278 285
1369 1376
1126 1141
274 275
657 659
426 433
1152 1165
1094 1096
440 441
1003 1004
690 701
578 580
933 939
914 924
1031 1036
826 829
591 594
764 767
31 39
98 89
881 886
829 832
291 297
275 278
983 991
112 114
336 339
115 118
1096 1101
641 648
1366 1370
1160 1165
739 745
162 164
1354 1357
936 937
105 107
843 845
166 170
1127 1129
282 289
161 162
1133 1135
52 54
201 202
1240 1242
1082 1091
469 470
221 225
1197 1198
946 950
1141 1146
1209 1219
752 756
895 898
1221 1232
1343 1349
757 763
906 907
92 103
1081 1082
1327 1331
500 503
365 368
1220 1221
78 81
211 213
245 246
866 873
1200 1202
1060 1061
203 204
173 175
567 575
61 65
1049 1060
1062 1064
537 541
658 662
1265 1266
1003 1004
107 108
146 147
81 90
543 548
1146 1147
319 330
1129 1133
32 38
1173 1180
1338 1340
309 315
26 32
1288 1307
130 146
917 918
585 589
22 26
503 504
8 9
1398 1404
776 777
17 22
589 591
54 60
1205 1209
1239 1240
1409 1416
807 810
657 658
1421 1429
1068 1080
114 115
652 654
907 909
1431 1434
375 385
50 52
175 179
1156 1157
179 183
1388 1393
918 935
1353 1354
1149 1150
1406 1409
392 403
253 266
158 160
1337 1338
335 336
428 441
679 682
672 673
1157 1159
1307 1319
1266 1269
840 842
1340 1343
118 130
1064 1068
204 205
514 523
1269 1277
385 391
617 624
1165 1173
1236 1239
1122 1123
818 820
1253 1254
703 706
690 693
669 672
416 420
898 900
1245 1253
108 111
1219 1220
834 840
1180 1187
1242 1245
677 679
1357 1360
992 993
915 917
1429 1431
991 992
1014 1023
993 995
231 234
685 690
1091 1096
1397 1398
886 890
445 447
900 906
942 946
1102 1122
330 335
205 211
412 413
965 983
663 667
832 834
530 537
913 915
278 282
995 1003
1139 1141
654 655
227 228
1283 1287
496 500
160 161
228 231
878 879
65 74
523 530
564 567
225 227
1124 1127
1404 1406
248 249
170 173
695 696
103 105
84 91
1090 1095
117 119
1214 1215
711 712
21 25
1215 1219
862 868
469 475
127 129
441 447
924 928
185 186
919 921
99 101
842 846
1001 1002
1322 1323
953 957
1046 1047
813 814
304 305
1390 1394
536 537
1358 1360
907 912
1025 1035
654 656
1232 1234
826 829
1219 1224
82 83
54 55
1076 1079
528 529
825 826
1058 1061
1371 1372
173 177
619 623
1035 1042
182 185
1278 1279
51 52
125 127
719 733
1265 1266
1095 1097
1260 1262
1357 1358
873 877
96 98
1150 1155
1419 1424
1339 1357
301 303
868 869
522 528
1382 1385
406 407
1203 1207
1061 1066
273 278
5 6
145 148
253 257
708 711
327 330
1136 1150
90 93
902 907
389 398
1187 1192
345 352
1430 1438
1338 1339
1334 1338
1042 1046
987 989
1394 1407
1079 1081
692 704
73 82
45 50
257 259
250 251
745 748
138 141
587 596
196 197
1407 1412
771 773
1186 1187
506 515
494 499
291 296
758 765
251 253
552 561
1296 1297
1108 1109
1012 1018
1290 1293
432 434
1374 1377
754 755
316 317
374 377
69 71
1066 1071
305 308
1360 1366
850 854
1155 1157
1229 1232
846 847
101 108
604 610
718 719
208 228
164 165
616 619
547 552
1164 1169
1157 1164
281 283
333 336
530 533
901 902
791 796
1194 1197
324 325
163 164
704 708
407 409
959 964
412 414
915 916
1018 1019
515 516
1372 1373
1056 1058
1019 1021
296 297
60 62
314 316
52 53
812 813
822 823
330 333
87 90
197 208
1266 1278
948 953
667 668
1005 1011
1011 1012
882 895
269 270
55 60
177 180
383 389
19 21
544 545
1004 1005
1369 1371
1112 1113
1234 1238
409 412
615 616
1323 1325
799 812
1299 1300
362 364
136 138
262 264
100 100
158 159
0 1
42 43
106 107
92 93
28 29
16 17
98 99
188 189
128 129
48 49
196 197
154 155
70 71
172 173
140 141
136 137
76 77
44 45
52 53
38 39
54 55
160 161
96 97
148 149
138 139
170 171
32 33
168 169
64 65
62 63
122 123
88 89
82 83
50 51
68 69
112 113
116 117
10 11
4 5
14 15
166 167
142 143
22 23
74 75
36 37
78 79
190 191
156 157
152 153
132 133
20 21
84 85
18 19
144 145
26 27
182 183
110 111
2 3
108 109
184 185
94 95
102 103
162 163
198 199
8 9
104 105
90 91
186 187
118 119
194 195
58 59
24 25
12 13
120 121
80 81
60 61
150 151
130 131
146 147
34 35
164 165
66 67
176 177
72 73
180 181
124 125
134 135
40 41
56 57
114 115
6 7
86 87
46 47
178 179
192 193
100 101
174 175
126 127
30 31
314 315
348 349
212 213
220 221
234 235
302 303
324 325
382 383
268 269
284 285
364 365
294 295
230 231
286 287
232 233
236 237
350 351
384 385
256 257
394 395
296 297
308 309
356 357
386 387
320 321
264 265
398 399
252 253
362 363
328 329
336 337
298 299
204 205
304 305
288 289
388 389
222 223
250 251
260 261
316 317
370 371
282 283
240 241
346 347
280 281
312 313
392 393
262 263
202 203
210 211
310 311
270 271
200 201
292 293
216 217
342 343
246 247
206 207
358 359
368 369
390 391
224 225
344 345
354 355
352 353
340 341
242 243
374 375
334 335
258 259
238 239
376 377
326 327
322 323
272 273
208 209
248 249
318 319
338 339
276 277
378 379
380 381
218 219
300 301
214 215
254 255
226 227
290 291
330 331
332 333
228 229
360 361
366 367
306 307
244 245
278 279
372 373
266 267
274 275
396 397
90 25
1177 1179
1018 1021
1242 1248
1028 1030
344 348
1211 1212
493 499
1083 1089
1319 1320
1184 1185
1407 1427
976 981
888 894
731 733
275 287
674 687
10 26
899 913
947 952
710 731
958 966
583 584
752 756
245 263
519 523
779 782
1185 1188
1372 1373
733 744
171 175
1044 1049
1142 1144
994 1002
1069 1070
483 485
1030 1031
485 491
874 884
1427 1440
665 670
616 618
670 674
1017 1018
87 108
811 830
1232 1236
108 118
209 213
1212 1213
377 390
1025 1028
491 493
745 750
751 752
894 898
599 616
1382 1383
1404 1405
45 64
156 157
1163 1166
191 209
1111 1126
966 970
1396 1404
40 45
402 405
121 140
664 665
546 552
842 846
1405 1407
333 340
175 177
687 703
529 533
442 445
405 424
586 599
1049 1052
452 464
952 955
860 862
557 583
69 70
140 156
851 860
1334 1341
424 442
71 77
1179 1184
1141 1142
331 332
862 871
514 519
1298 1317
584 586
446 452
1002 1017
885 888
1271 1273
1110 1111
704 706
523 529
501 503
1279 1283
1144 1151
1363 1364
1231 1232
703 704
26 28
1356 1363
1383 1396
157 168
919 924
21 10
293 294
637 648
1429 1440
368 369
1309 1311
620 637
1302 1309
844 849
601 620
648 670
240 246
1185 1187
1106 1127
715 716
963 980
101 119
1317 1341
1078 1106
1176 1180
766 773
686 706
585 594
748 750
830 833
1164 1169
1428 1429
980 981
418 427
551 559
598 601
837 844
69 85
49 50
812 815
224 235
413 416
704 711
689 691
50 53
1085 1094
320 333
531 536
1240 1244
1128 1129
301 305
1012 1014
666 674
688 689
1302 1303
780 789
333 336
674 676
1057 1061
53 58
310 313
521 527
1305 1312
828 833
1 2
631 639
1286 1292
744 745
336 352
926 930
1014 1021
887 895
1313 1334
249 260
1262 1279
999 1000
921 922
1052 1055
1171 1188
717 719
613 618
284 285
1194 1204
161 165
361 362
1228 1235
527 530
41 45
20 23
703 704
1038 1039
313 316
469 474
169 170
664 666
66 67
930 935
409 413
170 185
924 926
809 812
155 161
815 816
902 904
452 466
1402 1416
1141 1142
1279 1281
1132 1134
530 531
88 94
1425 1428
1296 1297
945 947
823 824
1163 1167
556 567
1160 1163
745 746
1294 1295
842 845
151 152
94 96
1292 1293
719 720
818 823
165 168
295 301
1248 1251
567 570
746 749
1366 1368
769 773
897 902
1312 1313
213 224
1207 1209
1251 1259
1130 1132
1431 1440
380 383
276 284
484 504
76 79
28 41
618 628
406 408
1136 1141
922 924
1043 1052
816 818
383 388
46 49
399 406
1239 1240
1244 1248
808 809
1188 1189
408 409
947 949
105 115
1134 1136
970 982
508 521
316 319
997 999
362 368
1116 1118
1295 1296
17 20
935 945
1189 1194
1364 1366
352 356
595 610
1021 1033
967 970
319 320
845 851
549 550
1381 1402
916 918
474 477
1111 1114
394 399
766 769
1209 1210
24 25
8 17
378 380
1357 1362
152 155
2 0
0 1
1439 1440
26 49
1341 1345
1333 1334
57 58
1210 1217
1118 1144
800 802
263 270
443 446
1048 1063
928 937
140 142
385 387
363 385
503 507
576 602
846 852
492 493
1272 1276
487 492
257 263
1330 1333
1113 1118
309 312
132 137
159 163
16 30
1281 1301
96 103
889 896
1363 1366
777 793
937 941
194 195
1157 1164
195 205
205 222
121 128
973 980
1101 1113
722 726
746 755
1063 1077
1174 1178
1238 1256
865 872
634 642
30 46
317 321
1217 1222
222 226
1366 1373
602 613
339 346
1188 1189
681 684
548 553
558 576
1390 1396
661 663
807 829
396 420
1396 1413
1276 1281
499 503
621 634
711 715
1334 1335
240 243
1184 1185
507 519
94 96
802 807
480 487
684 688
519 548
51 14
1245 1257
158 159
121 151
602 603
42 77
233 235
798 827
284 291
603 608
468 495
1091 1094
1303 1312
644 649
10 24
179 192
6 10
1040 1057
1057 1070
1225 1229
1034 1040
608 619
1405 1407
239 246
1258 1262
354 363
559 560
1122 1155
1262 1272
159 172
280 284
348 354
978 998
828 836
1312 1322
342 348
1397 1401
560 563
374 393
649 658
541 545
1430 1440
1413 1418
545 555
291 312
555 557
363 374
418 461
1155 1210
950 963
312 315
175 178
563 602
1357 1369
658 661
1272 1287
1087 1091
1369 1381
1257 1258
1328 1341
393 418
670 674
619 628
963 978
28 36
80 99
22 31
728 747
60 61
1344 1348
1273 1278
555 560
1396 1402
1321 1324
1145 1152
87 100
470 479
526 546
71 87
942 951
622 631
1079 1081
560 577
279 299
310 312
1134 1135
111 120
440 455
1126 1128
479 511
187 197
1224 1240
1152 1168
316 341
1168 1177
910 933
363 368
1128 1134
427 430
226 229
251 270
229 251
100 111
969 982
951 958
982 986
1187 1220
634 638
1115 1126
896 902
902 906
1138 1145
413 418
61 64
638 644
1260 1266
1081 1091
714 715
455 468
584 585
45 81
109 115
775 780
214 255
1278 1295
897 902
67 72
977 986
160 172
48 50
1250 1261
1178 1181
199 202
610 624
1229 1232
120 123
705 708
52 67
420 425
1059 1074
855 856
36 39
698 704
1089 1094
1348 1373
104 109
498 509
172 180
624 629
190 191
1085 1089
267 275
853 855
862 890
1181 1187
306 312
1126 1136
637 664
331 341
115 118
987 990
736 740
1074 1077
560 561
180 190
483 487
953 964
482 483
384 400
708 719
740 743
828 830
275 286
990 1011
580 585
6 8
571 580
487 495
1081 1085
1187 1204
780 782
860 862
845 852
766 772
890 892
852 853
1014 1030
685 692
28 36
587 591
664 673
407 420
1159 1172
526 530
118 120
1077 1080
73 75
461 482
1034 1036
1298 1306
1173 1175
509 525
822 824
255 267
1137 1143
290 293
782 794
1144 1145
357 362
450 454
856 860
406 407
1175 1178
632 634
136 142
1373 1402
570 571
72 73
794 804
568 570
830 833
50 52
1038 1045
495 498
362 384
755 763
191 198
561 568
75 77
1143 1144
356 357
460 461
341 356
1080 1081
1402 1406
1406 1440
1261 1262
294 306
986 987
425 437
1172 1173
591 610
892 895
763 766
293 294
312 316
40 43
90 78
1260 1273
315 316
1210 1219
896 897
632 644
140 154
421 424
342 348
1133 1135
655 656
59 66
746 758
1139 1143
67 90
1308 1318
1082 1084
1284 1286
615 620
773 783
1300 1305
256 270
431 433
960 967
704 706
391 397
1143 1150
967 968
763 770
1305 1308
1010 1012
111 114
186 191
530 543
1005 1007
412 416
824 834
958 959
228 235
994 1003
581 583
845 847
235 242
1037 1038
1126 1128
1397 1410
1394 1395
1259 1260
360 362
760 763
1233 1237
564 565
644 645
1396 1397
297 302
819 821
1346 1358
44 47
167 168
316 322
1160 1165
373 375
1135 1139
114 116
386 391
254 255
117 118
593 598
895 896
483 484
480 483
1286 1298
1112 1117
758 759
367 368
1084 1094
1318 1320
715 725
784 789
968 969
1062 1063
725 727
727 728
363 367
1273 1279
1242 1245
703 704
1097 1098
472 480
1205 1206
1070 1076
1230 1233
517 519
583 585
955 958
410 412
549 550
1219 1224
1128 1133
1320 1321
302 306
348 353
484 490
1185 1186
579 581
1358 1363
66 67
328 333
598 599
856 858
1192 1195
379 386
1103 1106
876 879
424 430
599 615
417 418
1043 1051
696 703
433 434
1014 1017
794 800
1022 1024
662 664
740 744
759 760
450 459
1094 1097
1343 1344
434 436
496 498
1327 1330
416 417
333 340
1225 1230
975 978
322 328
362 363
1207 1210
1124 1125
942 949
1420 1433
770 773
178 179
1412 1414
1020 1022
1237 1239
375 379
1066 1067
242 248
1339 1340
174 176
18 21
15 18
1187 1192
919 928
1363 1365
490 491
988 994
1055 1062
1414 1420
1051 1055
207 222
53 54
932 933
1239 1242
306 315
1384 1391
58 59
17 54
1377 1379
546 558
1184 1186
1107 1111
1001 1003
1142 1143
717 723
272 287
826 831
654 671
466 505
1053 1065
465 466
38 50
128 129
735 739
1 9
1103 1104
454 459
578 580
836 847
558 564
1253 1285
505 518
804 809
71 72
397 427
930 938
132 142
1111 1113
216 229
207 212
938 940
67 70
865 868
111 120
580 602
779 801
950 952
952 962
1011 1029
17 33
322 332
1397 1407
142 148
72 76
809 822
740 741
1305 1306
945 950
1088 1089
76 78
110 111
1029 1038
82 90
731 735
1327 1358
1206 1213
606 625
1186 1187
230 231
1162 1172
150 151
538 540
757 761
778 779
1306 1308
1113 1121
70 71
962 964
188 200
78 43
1161 1172
160 167
1405 1407
1403 1405
70 76
232 233
495 511
1174 1179
167 171
1233 1237
969 975
1208 1214
778 806
278 286
547 548
1313 1319
1015 1024
117 120
321 322
435 442
607 617
602 607
1214 1217
548 556
1328 1342
922 930
351 353
618 633
1056 1082
336 345
97 113
556 563
31 39
186 190
1377 1384
397 435
563 569
1182 1194
171 186
1298 1302
233 256
128 137
1293 1295
846 922
324 336
1319 1328
726 730
633 634
7 14
617 618
1087 1106
1368 1377
202 207
837 846
716 724
1384 1403
968 969
288 293
1181 1182
1302 1309
642 651
997 1006
76 83
1137 1143
120 128
523 547
1342 1362
442 445
1106 1118
1179 1180
724 726
1045 1056
823 835
1280 1284
192 202
806 808
1433 1434
207 208
445 448
286 288
137 160
1362 1368
672 689
689 694
49 51
293 321
730 733
1237 1265
1 7
1143 1157
763 772
1434 1440
113 115
694 712
228 231
345 351
39 49
750 753
668 672
569 570
83 97
930 939
959 965
712 716
1407 1433
448 493
1295 1298
256 278
57 63
812 823
353 386
115 117
63 70
1265 1266
1006 1008
577 578
975 992
51 57
651 668
808 812
322 324
12 35
77 89
1063 1086
906 908
154 157
310 320
605 612
354 358
1313 1317
767 772
89 121
211 283
1422 1440
490 495
58 67
424 468
489 490
772 785
888 906
495 507
908 933
993 1026
1321 1338
67 77
1266 1270
169 177
474 486
785 787
468 474
980 991
1270 1273
1194 1198
601 605
1285 1313
1273 1277
358 370
1170 1194
338 339
720 767
1355 1384
1384 1420
157 169
933 937
371 414
1086 1103
937 980
1338 1355
1420 1422
100 100
1094 1101
763 770
1108 1116
936 943
316 324
849 856
72 79
561 568
835 842
100 108
993 1000
475 482
230 237
1166 1173
403 410
504 511
129 136
864 871
489 496
1209 1216
1195 1202
1008 1015
1080 1087
57 64
158 165
676 684
1022 1029
345 352
979 986
288 295
331 338
86 93
604 612
388 396
532 540
1368 1375
705 712
648 655
432 439
777 784
1296 1303
460 468
115 122
172 180
820 828
907 914
1152 1159
921 928
1267 1274
201 208
302 309
43 50
590 597
1065 1072
273 280
619 626
0 7
633 640
1281 1288
1411 1418
1353 1360
547 554
216 223
374 381
662 669
518 525
187 194
360 367
964 972
792 799
1036 1044
720 727
806 813
892 900
1123 1130
1324 1332
1339 1346
244 252
28 36
446 453
417 424
259 266
1224 1231
1051 1058
878 885
734 741
950 957
1252 1260
691 698
1137 1144
14 21
1180 1188
1425 1432
748 756
1238 1245
576 583
144 151
1310 1317
1382 1389
1396 1404
612 619
1144 1152
525 532
21 28
108 115
554 561
1375 1382
1360 1368
626 633
1389 1396
1202 1209
1418 1425
1260 1267
1029 1036
1274 1281
136 144
1087 1094
770 777
79 86
900 907
828 835
1015 1022
439 446
914 921
280 288
583 590
410 417
1000 1008
727 734
885 892
266 273
640 648
165 172
943 950
50 57
208 216
237 244
799 806
324 331
1303 1310
871 878
64 72
352 360
309 316
180 187
496 504
784 792
1231 1238
93 100
1245 1252
1058 1065
684 691
698 705
1116 1123
396 403
1317 1324
972 979
568 576
1159 1166
1432 1440
7 14
468 475
655 662
122 129
1288 1296
424 432
1173 1180
842 849
1332 1339
223 230
381 388
511 518
1216 1224
1044 1051
540 547
669 676
1130 1137
741 748
856 864
151 158
1072 1080
482 489
986 993
1101 1108
1188 1195
756 763
252 259
957 964
453 460
928 936
813 820
712 720
367 374
1346 1353
295 302
36 43
597 604
338 345
194 201
1404 1411
14 54
737 739
332 334
1015 1017
693 696
1050 1057
1439 1440
116 118
25 33
1079 1080
334 336
1123 1127
85 86
1351 1352
797 805
1062 1064
1333 1339
103 116
1082 1086
659 661
471 477
1117 1119
986 992
1404 1418
281 285
210 215
1236 1237
644 658
367 369
936 942
387 390
462 463
942 950
69 70
952 956
1247 1259
243 250
291 292
1302 1304
276 281
170 182
1241 1243
250 253
510 540
336 339
1355 1356
99 103
834 841
690 693
914 919
1185 1187
1173 1174
379 380
496 497
968 986
790 792
814 831
1011 1015
185 202
1071 1079
339 350
354 367
454 461
70 78
1223 1226
581 599
381 382
865 870
1360 1361
88 79
717 719
1175 1181
17 18
20 22
349 362
47 48
924 926
258 273
811 817
466 477
955 961
136 141
312 322
452 455
1099 1108
51 58
752 754
569 579
1247 1252
206 215
163 170
40 41
225 228
1252 1272
275 276
233 236
926 927
107 116
883 893
1374 1375
362 364
764 776
551 559
450 452
550 551
336 349
984 989
379 381
1097 1098
935 948
1164 1172
1306 1311
895 896
1022 1023
143 144
1234 1237
18 20
619 624
660 667
322 336
1418 1433
541 547
175 176
560 565
995 1000
876 883
1191 1195
719 723
1300 1306
1011 1014
1272 1275
838 845
565 569
1064 1067
651 656
493 497
1140 1141
702 717
1219 1223
907 908
1108 1111
232 233
868 871
1098 1099
730 744
189 194
631 634
424 425
49 51
675 679
1117 1124
1323 1328
867 868
896 906
455 456
22 36
549 550
788 793
117 122
932 934
934 935
100 107
1375 1382
497 502
502 523
93 100
914 919
39 40
215 219
176 178
894 895
1382 1389
224 225
197 198
219 220
74 81
872 876
116 117
1201 1211
1357 1374
648 649
178 180
435 440
276 291
1322 1323
442 446
1010 1011
43 46
599 607
591 599
530 535
1320 1322
1330 1334
46 47
273 274
1275 1280
422 424
412 422
992 993
63 73
364 371
1395 1410
122 126
927 930
1159 1164
180 189
8 11
173 175
989 992
616 617
586 590
1141 1143
1237 1247
1084 1088
274 275
1067 1084
1311 1320
147 163
398 408
746 748
1389 1395
607 609
291 312
408 412
749 752
1124 1128
1172 1175
667 675
373 379
252 258
656 660
88 90
644 645
547 549
906 907
1292 1297
1217 1219
34 91
1192 1203
1283 1290
378 380
572 586
799 815
278 289
1133 1139
97 99
428 429
180 202
543 568
663 682
418 426
1339 1352
208 220
1146 1152
682 696
149 154
1273 1283
737 745
43 45
1231 1235
1074 1075
295 298
307 310
540 543
1212 1213
426 428
537 539
931 936
846 849
643 646
1352 1354
1235 1238
450 485
385 389
590 598
745 750
1229 1231
882 890
302 307
115 119
438 447
177 179
45 52
252 277
243 244
837 846
988 992
402 418
784 793
1406 1407
1240 1244
429 438
519 523
1128 1133
1399 1406
1335 1339
751 754
497 501
962 963
710 718
754 755
108 110
310 312
926 928
1421 1425
699 704
1190 1192
1140 1145
1238 1240
501 504
795 799
1034 1040
1323 1326
1102 1123
966 972
1139 1140
1425 1428
119 122
1024 1034
1298 1300
976 982
646 650
52 63
1213 1221
1359 1362
341 344
1085 1096
1290 1298
982 983
356 359
504 512
1251 1252
380 385
332 338
1259 1273
992 999
1244 1246
704 710
983 987
794 795
389 395
1362 1377
1384 1387
327 332
1083 1085
395 402
323 324
1377 1382
618 623
854 855
99 104
1300 1304
539 540
641 643
950 956
298 302
104 108
956 960
696 699
535 536
293 295
7 14
568 569
100 48
795 798
1057 1058
230 239
524 525
419 424
619 621
1383 1385
849 856
1419 1422
556 557
302 327
1101 1115
883 884
445 447
385 389
270 272
571 572
605 606
890 896
327 328
1290 1305
245 246
104 106
606 619
542 546
1092 1093
485 488
1042 1045
778 779
241 245
758 763
8 11
872 873
763 764
1000 1009
662 674
594 598
859 864
537 538
1267 1268
1355 1362
1370 1380
1345 1348
621 623
23 24
1354 1355
1125 1128
549 551
628 630
369 372
522 524
472 476
721 725
832 838
683 684
442 443
1128 1132
1408 1413
1075 1079
889 890
1268 1270
1021 1025
183 187
822 829
799 801
1259 1265
239 241
856 857
1382 1383
252 263
798 799
896 899
159 160
660 662
1241 1244
1424 1432
567 570
283 289
1385 1388
289 293
940 947
756 758
740 741
579 593
24 26
168 173
1145 1147
1202 1205
1142 1143
623 627
346 348
26 27
268 270
83 86
820 822
1244 1247
384 385
1319 1325
93 100
128 143
1181 1186
397 402
7 8
779 783
882 883
973 974
389 393
1155 1156
838 840
873 874
265 268
884 888
689 715
293 302
355 364
1038 1040
63 64
413 416
787 792
840 845
194 205
462 472
1058 1060
688 689
931 939
1009 1011
962 966
916 929
351 355
1093 1095
149 159
82 83
1175 1181
602 605
167 168
417 419
449 462
432 435
1013 1020
715 720
874 882
1249 1250
627 628
1025 1032
102 104
214 223
64 65
1214 1218
59 68
207 208
408 413
1289 1296
470 471
1000 1007
73 81
599 602
781 782
708 719
1007 1009
1219 1226
55 57
501 505
1108 1109
725 727
636 641
1257 1266
577 587
1207 1209
208 209
348 354
1424 1425
319 333
424 425
392 393
762 765
1226 1231
1327 1328
1300 1301
621 636
439 442
719 725
245 248
587 588
248 249
1169 1172
1239 1242
435 439
69 73
1284 1286
1380 1382
902 905
847 851
835 840
1013 1017
1296 1298
1382 1383
1315 1316
26 33
558 559
1176 1179
755 762
806 815
173 175
665 670
707 708
386 391
664 665
989 993
43 44
395 405
642 646
697 700
674 678
175 176
913 921
231 232
826 828
1383 1388
958 963
886 899
1242 1256
317 319
1179 1180
911 913
1073 1074
658 663
800 806
1392 1399
1074 1079
1094 1104
54 55
1180 1192
64 67
1431 1433
1009 1013
939 945
1041 1044
1301 1304
963 970
899 900
262 267
102 103
1426 1431
1145 1149
1061 1071
844 847
935 939
1088 1094
693 697
364 366
734 735
1058 1059
1403 1410
311 317
851 867
1059 1061
1112 1117
735 738
249 251
1117 1119
970 979
1033 1041
126 132
1304 1315
103 115
204 207
92 96
602 616
670 674
1032 1033
475 481
1433 1439
921 928
447 454
59 64
1425 1426
12 82
1065 1077
482 483
382 389
106 122
856 863
474 482
415 417
809 818
389 415
1398 1423
339 364
323 325
203 205
534 552
925 934
50 67
1253 1266
842 848
1133 1136
294 295
804 809
1345 1351
1224 1253
580 590
570 573
1040 1050
650 660
978 979
279 282
336 339
1123 1124
364 367
205 209
30 36
907 919
1132 1133
1339 1344
295 323
1029 1040
284 294
1336 1339
36 43
820 826
725 730
935 959
660 669
464 467
1351 1354
1315 1319
126 135
71 94
627 636
1054 1058
730 731
135 139
1386 1398
1312 1315
979 1001
1267 1274
166 184
1266 1267
43 45
276 279
1083 1085
512 513
863 907
1208 1221
267 276
747 750
1221 1222
744 747
15 26
919 925
513 530
45 50
262 267
610 616
1087 1093
669 696
29 30
94 106
578 580
750 779
1016 1018
797 804
1298 1311
696 724
1200 1201
325 333
1321 1323
597 610
1423 1430
1113 1123
1098 1101
100 100
1037 1057
1401 1414
18 23
1298 1299
792 794
705 718
291 293
1326 1328
978 979
1081 1087
918 934
838 845
1095 1102
450 453
1302 1306
580 597
1206 1207
1198 1199
100 101
1261 1294
214 226
1207 1214
742 743
1306 1312
663 665
1172 1175
1362 1363
497 507
914 918
603 607
951 972
1223 1226
767 776
127 132
387 403
1363 1374
1078 1080
1417 1419
1193 1198
1157 1160
758 764
190 194
407 416
1102 1104
1203 1204
179 183
520 524
1175 1186
643 653
333 334
801 807
376 382
1077 1078
206 214
50 52
1379 1389
226 228
163 177
116 120
467 481
1328 1354
665 671
631 637
1429 1431
1320 1322
1147 1151
1144 1146
577 580
1165 1172
1104 1109
1317 1319
913 914
608 631
331 333
1069 1073
699 702
262 265
453 455
101 116
32 50
441 450
977 978
1009 1030
729 742
1031 1037
541 543
334 337
27 32
153 163
661 663
148 151
481 484
1089 1091
1354 1361
597 598
1299 1302
330 331
972 977
66 70
1322 1326
61 66
1312 1313
532 536
780 783
1080 1081
194 206
230 231
1235 1243
71 87
183 190
721 728
1416 1417
1110 1117
235 248
1202 1203
362 365
293 305
151 153
248 257
23 27
261 262
1186 1187
122 127
543 553
1092 1095
359 362
1091 1092
1313 1317
1073 1077
455 463
340 345
764 767
1136 1137
1431 1440
1214 1216
416 421
356 359
718 721
257 261
229 230
120 122
1117 1136
1057 1058
1059 1069
403 407
1398 1401
979 1008
859 906
1243 1246
1087 1088
265 274
70 71
702 705
1422 1424
825 834
421 441
783 792
231 235
1424 1429
1151 1157
1137 1144
1319 1320
1421 1422
1294 1298
354 356
607 608
365 366
853 856
598 603
1246 1256
1204 1205
653 661
776 780
818 825
306 311
1397 1398
382 387
637 641
132 148
1088 1089
934 940
1374 1379
1030 1031
484 488
1259 1261
686 693
834 838
52 61
1389 1397
177 179
1256 1259
940 945
553 555
311 313
524 532
1160 1165
856 859
488 497
1226 1235
87 100
91 3
1062 1064
939 942
1274 1281
438 451
1426 1428
256 262
1329 1340
1140 1143
437 438
821 826
331 341
1320 1327
451 452
196 197
1316 1319
980 984
496 504
598 601
1149 1159
1212 1222
1051 1062
407 419
21 26
100 112
1148 1149
1095 1101
1298 1315
1248 1264
1028 1034
806 819
396 397
628 658
988 999
9 18
562 566
915 921
73 74
1092 1095
485 493
1048 1051
769 782
372 374
419 421
421 427
974 975
386 387
1235 1236
1247 1248
1222 1232
883 886
43 67
1101 1107
1168 1202
127 128
177 178
1361 1367
1211 1212
1143 1148
665 667
1327 1328
398 406
1075 1086
244 253
280 284
819 821
601 611
301 306
903 911
1236 1237
1428 1440
365 372
692 710
518 534
888 899
1137 1140
277 280
953 961
378 380
682 690
611 627
984 988
207 227
74 95
554 562
406 407
1319 1320
711 720
1066 1075
710 711
341 344
322 323
4 9
112 127
328 331
0 2
1080 1440
11 361
63 69
1363 1368
152 153
471 474
423 425
815 817
577 582
227 233
1043 1045
971 978
596 597
519 520
587 589
1028 1031
723 724
524 526
779 788
302 303
582 587
425 433
131 134
940 948
46 69
336 340
948 949
1242 1244
355 360
1435 1440
271 278
1215 1219
873 878
459 463
748 753
753 754
204 223
282 285
530 535
714 723
1072 1077
1348 1356
914 915
979 987
1077 1086
463 465
351 355
694 701
139 152
1235 1242
978 979
246 251
478 492
1167 1175
79 89
618 627
1003 1004
1210 1213
1165 1167
420 423
1108 1118
201 204
935 940
278 282
120 128
1004 1018
926 935
1037 1040
727 735
878 896
689 694
961 967
828 831
792 807
1405 1427
349 351
589 592
573 577
701 714
340 348
661 670
670 683
958 961
165 170
819 828
754 756
900 903
592 594
197 198
433 438
1045 1068
520 524
295 300
1358 1363
113 119
34 36
683 688
400 413
1400 1402
1428 1435
858 860
1312 1325
223 226
996 1003
1325 1330
766 775
226 227
817 819
1404 1405
896 900
724 727
1187 1192
360 363
526 527
1147 1152
1040 1043
153 163
1394 1395
134 139
293 295
1341 1343
1244 1254
363 372
285 293
455 456
760 766
172 186
453 455
325 336
119 120
1152 1165
627 640
535 564
418 420
775 779
41 87
905 908
1007 1009
902 905
1267 1275
908 909
1283 1288
198 214
662 666
701 739
519 525
73 85
1297 1302
1377 1395
45 49
1194 1218
106 108
1146 1154
1084 1091
104 105
1158 1168
536 537
544 545
1145 1146
962 979
214 216
822 824
1423 1431
696 701
49 61
1358 1363
327 328
105 106
1186 1194
492 494
844 886
691 696
1288 1293
892 899
669 673
182 183
749 754
913 917
316 317
1013 1018
890 892
525 536
1218 1253
1293 1297
1338 1340
909 913
351 357
359 364
279 280
1046 1047
1061 1066
1131 1140
586 589
395 396
1257 1267
317 326
243 247
108 125
1395 1402
1253 1257
1036 1038
573 577
1374 1377
537 544
1373 1374
326 327
789 791
739 749
591 610
886 890
506 519
1333 1337
1180 1186
1038 1043
145 146
577 581
992 1003
248 258
682 685
502 506
1275 1277
570 573
775 783
1047 1052
1023 1035
1402 1408
771 775
1348 1353
949 951
955 957
673 677
554 567
1368 1373
1415 1421
258 271
152 157
1093 1099
957 962
1113 1131
1044 1046
1052 1061
815 822
1421 1423
784 789
285 290
754 771
1303 1304
549 551
824 839
391 395
1277 1283
1043 1044
328 336
1140 1145
90 104
917 926
621 624
1413 1415
85 90
547 549
545 547
794 808
247 248
589 591
70 83
112 115
619 622
287 297
755 775
900 906
718 724
604 612
1014 1028
109 112
545 551
1009 1014
1206 1211
593 594
526 528
805 810
712 718
305 308
583 591
1145 1148
551 563
78 80
1342 1350
1432 1435
1231 1236
1277 1282
373 378
248 269
1380 1381
415 424
1320 1323
424 435
1428 1432
1036 1052
747 755
240 244
1263 1267
1244 1250
952 959
790 793
1310 1311
165 167
159 161
965 981
810 813
179 182
599 604
378 390
1211 1219
220 229
842 851
1273 1277
929 931
1355 1359
304 305
622 627
398 399
655 665
833 839
1133 1138
97 109
115 117
1268 1272
868 869
743 745
828 833
673 687
1055 1061
494 509
1197 1206
643 649
142 144
61 67
515 526
77 78
740 742
1301 1310
1130 1132
317 326
793 795
174 177
775 777
1194 1197
1341 1342
84 85
402 406
71 77
1420 1422
687 701
1381 1396
951 952
244 247
6 9
701 706
1151 1155
144 145
1253 1261
26 29
1052 1055
1236 1242
29 45
117 124
1177 1182
742 743
1003 1009
447 461
283 287
1375 1377
461 466
537 542
542 545
492 494
1120 1123
178 179
1435 1440
939 951
343 344
167 174
399 402
80 82
446 447
1350 1355
1174 1177
594 595
631 633
1066 1069
1319 1320
1272 1273
777 790
1150 1151
513 515
706 712
1365 1375
136 142
369 373
297 304
935 939
795 799
869 882
1326 1341
1148 1150
882 887
1127 1130
799 801
1069 1073
1132 1133
988 1003
45 47
1219 1222
1408 1418
1422 1428
406 415
665 673
563 579
8 27
843 851
1277 1284
1326 1334
727 740
896 909
937 939
137 142
351 353
764 773
553 561
314 320
705 712
1296 1300
438 440
1425 1430
281 283
1176 1185
712 713
955 957
102 110
1418 1425
379 403
1219 1222
436 438
489 492
980 999
414 421
1237 1246
673 680
1031 1033
1026 1031
9 10
851 855
477 478
566 569
93 77
158 167
428 429
1284 1286
1155 1164
1164 1166
1167 1169
1369 1372
388 389
769 771
567 569
1174 1175
1267 1268
789 797
413 419
114 115
749 751
990 992
687 691
1421 1427
1209 1210
639 640
488 490
538 540
111 112
1007 1010
61 66
408 413
366 377
941 962
615 621
1408 1414
1392 1396
112 114
571 572
1260 1261
1323 1325
552 553
559 563
202 206
504 506
695 699
30 39
1354 1356
1180 1187
400 405
1325 1330
540 541
326 349
1122 1125
563 564
491 501
429 445
52 53
1436 1438
729 731
1019 1023
1194 1202
1414 1417
1095 1098
1243 1255
768 769
1034 1044
846 855
109 111
73 74
406 408
856 857
1347 1351
235 240
42 52
876 888
1261 1267
1382 1385
295 298
1202 1207
651 663
1372 1381
621 628
546 547
855 856
3 10
706 716
1086 1090
1387 1388
992 996
1003 1007
108 109
1223 1224
303 316
1094 1095
839 846
393 394
1150 1155
116 123
267 273
1438 1439
1062 1063
1135 1139
919 920
929 931
151 157
1228 1237
1345 1347
680 682
226 230
349 351
78 79
351 353
353 354
603 606
988 990
1289 1294
1059 1062
1187 1188
419 428
574 579
1091 1094
564 565
79 85
490 491
68 71
725 727
1439 1440
283 295
457 458
276 282
973 983
591 594
765 766
931 941
20 21
89 103
1237 1243
1090 1091
579 591
641 643
691 692
797 803
565 566
1341 1345
808 809
999 1003
518 522
1023 1024
2 3
920 929
115 116
354 359
682 684
379 382
445 449
1010 1011
1351 1354
1011 1017
727 729
1312 1313
39 42
216 222
1024 1026
893 894
608 615
636 639
1356 1360
260 261
74 78
1105 1118
1396 1402
522 524
528 538
450 457
62 69
562 571
507 513
571 576
969 972
1174 1178
1115 1122
972 977
390 407
713 743
880 910
1000 1005
626 627
1279 1289
1306 1311
1050 1057
159 167
1122 1128
684 695
1076 1078
1178 1188
645 646
82 97
167 168
1207 1208
29 51
427 461
423 427
1057 1058
1065 1076
490 491
277 315
328 364
371 375
1047 1050
364 368
1208 1225
176 191
871 880
1091 1092
1347 1351
1108 1115
858 871
829 858
646 650
576 585
257 277
984 989
71 72
1427 1430
640 645
220 221
619 623
376 377
755 760
415 416
412 415
1089 1091
964 969
1061 1064
586 587
79 82
587 605
375 376
1037 1047
1408 1427
1064 1065
1289 1306
1128 1154
540 542
712 713
659 678
1058 1061
533 540
605 619
72 76
679 684
479 480
62 71
145 157
1406 1408
97 101
1023 1032
779 783
244 249
1006 1015
1401 1406
51 53
1092 1108
783 793
760 776
751 755
1226 1227
1190 1197
516 531
1357 1401
989 1000
168 169
1430 1440
116 130
585 586
627 628
1154 1161
199 220
101 105
542 562
388 390
678 679
1264 1279
1015 1023
171 176
169 171
221 244
1197 1207
624 626
776 777
370 371
28 29
777 779
513 516
1005 1006
480 490
650 659
191 195
416 423
910 911
924 953
918 924
634 640
461 479
623 624
958 964
10 100
922 929
106 107
49 52
1348 1351
1120 1129
845 847
501 509
1195 1201
1110 1111
268 270
408 415
955 956
1224 1226
682 689
447 450
39 44
1366 1367
791 795
251 252
1129 1132
489 490
847 848
734 737
1113 1118
1423 1426
885 889
646 648
1398 1399
1111 1113
679 682
1039 1042
261 266
784 789
25 26
842 845
306 312
622 624
1179 1183
549 559
380 381
1411 1412
862 873
89 100
542 546
527 535
1328 1330
76 89
516 517
222 225
1427 1429
775 778
1431 1432
676 679
320 336
1024 1031
1193 1195
654 663
1213 1224
202 204
146 154
252 256
712 716
1058 1060
758 767
1007 1013
1391 1395
511 513
1141 1142
271 272
272 278
1412 1421
1078 1079
907 916
270 271
1304 1307
827 831
1176 1178
424 431
69 72
1060 1063
1003 1006
1185 1187
1006 1007
1063 1066
694 695
1327 1328
1283 1300
742 752
513 516
753 758
110 116
182 191
586 595
1321 1323
559 573
1399 1400
383 384
1031 1035
500 501
1042 1045
990 993
509 511
1143 1145
1436 1440
1256 1261
191 195
860 862
1136 1141
1149 1150
873 875
39 58
1263 1268
108 110
1081 1082
929 933
281 287
776 797
202 208
1051 1059
719 724
472 475
62 67
288 289
1176 1179
819 826
846 850
1096 1114
208 210
827 837
1311 1313
463 466
1163 1165
422 430
1259 1263
667 680
708 709
926 929
1306 1310
775 776
227 235
1085 1095
706 708
340 369
1142 1154
1439 1440
1059 1063
573 575
826 827
1114 1120
101 108
400 410
1179 1183
681 690
113 115
844 846
1120 1124
982 984
543 544
1285 1291
598 601
430 450
1242 1249
991 999
1366 1386
493 503
921 922
1337 1363
28 35
196 202
1070 1081
544 551
984 988
1095 1096
609 613
551 555
1155 1158
54 56
335 336
1218 1220
969 972
712 716
410 413
1420 1439
214 222
369 373
882 892
956 959
1386 1392
725 731
1140 1142
724 725
20 22
955 956
990 991
839 844
235 248
1134 1135
1032 1041
766 770
640 643
736 737
1165 1169
959 960
1216 1218
333 335
1268 1273
601 605
1183 1202
52 50
76 82
346 354
1027 1035
1009 1012
161 163
1138 1161
821 827
138 139
273 274
1269 1278
503 518
1131 1136
763 767
828 829
317 318
699 701
354 358
588 592
99 100
669 670
1237 1245
359 362
796 797
872 882
576 588
797 799
155 161
1059 1060
1194 1214
809 818
919 921
390 405
91 99
671 685
146 155
405 408
561 564
536 539
1161 1166
1035 1036
571 576
935 939
139 146
385 390
1228 1237
1321 1368
458 463
864 872
274 288
715 719
330 339
463 472
1378 1400
979 981
795 796
100 102
778 780
608 612
799 809
425 430
767 775
72 73
207 220
780 795
518 525
1252 1264
450 458
45 50
944 954
1430 1440
592 593
564 571
128 130
472 499
600 605
831 844
978 979
125 128
113 121
1245 1252
903 919
1296 1310
739 748
1100 1101
993 1001
921 927
1169 1172
102 105
539 559
1166 1169
301 308
1422 1430
714 715
1174 1185
163 174
1222 1226
623 657
901 903
685 699
1278 1285
248 264
376 377
10 81
963 990
54 61
1188 1204
1061 1066
932 937
261 290
472 488
894 902
117 118
193 208
723 734
296 299
1309 1318
525 527
235 236
501 513
1066 1072
546 550
596 613
436 446
1114 1131
1285 1291
304 310
514 515
515 522
577 596
623 627
1085 1095
1169 1170
907 924
61 72
355 362
719 723
1259 1285
328 355
1028 1032
23 29
1291 1300
1366 1398
81 89
470 472
32 43
550 556
299 304
1000 1008
690 694
72 81
1055 1061
1338 1341
29 32
1341 1359
1422 1440
384 390
1257 1259
16 17
647 666
627 634
513 514
1321 1325
325 328
1398 1399
17 23
1303 1305
750 770
404 418
1330 1338
737 738
962 963
89 101
613 614
1318 1321
418 428
1015 1018
362 378
6 16
1156 1168
887 894
522 525
1168 1169
527 544
859 887
666 690
1300 1303
849 859
489 499
945 951
1140 1155
499 501
378 384
1186 1188
1325 1330
1 100
1401 1425
1274 1275
836 839
461 463
78 80
1002 1008
353 358
183 185
520 522
120 131
294 299
723 734
139 142
1262 1264
1233 1243
839 846
26 29
369 370
15 26
84 93
1338 1342
551 552
151 153
433 437
427 433
552 554
937 941
192 197
464 465
972 980
1439 1440
1375 1376
734 737
980 989
1354 1357
561 565
185 188
502 513
1079 1091
547 551
1316 1322
209 212
1092 1097
349 353
188 190
522 523
894 897
583 591
526 527
593 594
811 812
665 668
1051 1054
591 592
1063 1075
409 412
463 464
737 738
469 470
669 671
819 820
1342 1345
179 183
831 836
528 530
403 406
932 934
1140 1150
760 766
989 994
212 223
1097 1099
142 144
372 373
303 304
535 543
173 176
1047 1051
1427 1429
755 759
1127 1128
437 444
594 611
470 474
709 714
406 409
943 946
1062 1063
444 450
466 469
652 662
513 520
1113 1120
370 372
631 648
827 828
678 681
922 926
450 453
115 117
668 669
4 36
815 826
481 494
400 419
1213 1237
849 866
531 549
919 953
38 39
190 217
1083 1092
148 153
1152 1158
1261 1296
179 184
316 321
732 756
1305 1325
1158 1165
1036 1041
780 787
1325 1361
39 83
1165 1168
106 107
885 908
963 987
1106 1108
756 766
723 732
866 871
787 803
871 885
1177 1189
1379 1396
371 394
1397 1413
549 582
695 723
677 687
280 281
0 2
540 900
180 540
100 100
51 53
931 936
161 162
1305 1310
708 712
673 675
423 425
167 187
1270 1273
165 166
594 601
1282 1294
164 165
556 563
1328 1334
729 730
860 862
393 397
500 502
1412 1415
857 858
1310 1311
440 442
820 825
49 51
187 190
799 800
1384 1385
106 108
374 384
776 779
14 15
1302 1304
854 856
739 741
1232 1238
991 998
444 448
909 911
484 488
56 66
1159 1162
1019 1034
472 473
840 841
257 259
108 109
563 569
1397 1412
839 840
330 331
880 881
1188 1189
530 533
863 874
386 388
609 610
205 206
667 670
1395 1397
15 18
896 899
1053 1054
1223 1228
1106 1108
18 22
1311 1314
1082 1084
356 358
434 440
1430 1440
842 843
1169 1182
495 500
345 356
832 835
124 130
77 85
67 70
272 279
741 750
613 619
1141 1146
750 759
301 327
137 145
808 809
579 585
690 698
1340 1351
219 227
1380 1383
237 257
889 896
1323 1325
473 484
406 407
1383 1384
587 594
1000 1003
529 530
1415 1419
955 957
1093 1105
712 718
1105 1106
610 613
943 948
502 519
98 100
899 905
544 547
905 909
836 838
1314 1323
911 920
733 735
22 40
1146 1156
1351 1364
698 704
1057 1059
838 839
795 799
548 556
670 673
1003 1009
488 491
1054 1057
809 815
1220 1223
1369 1371
936 943
463 464
519 521
704 708
998 1000
1385 1392
782 787
201 203
85 90
601 605
643 646
459 463
259 262
657 660
727 729
815 817
625 634
100 103
1157 1159
75 77
948 953
881 889
90 92
731 733
1091 1093
327 330
109 116
448 459
1238 1257
817 820
1123 1124
862 863
759 765
526 529
1189 1190
578 579
654 657
585 587
1051 1053
779 782
1334 1339
634 638
1162 1163
92 98
122 124
648 654
207 214
464 472
1190 1192
443 444
1276 1277
145 155
638 643
925 931
285 294
217 219
576 578
773 776
388 391
425 434
1065 1066
1119 1123
646 648
718 723
1273 1276
1048 1051
1199 1215
53 56
96 67
974 977
626 640
1021 1028
1072 1073
1393 1394
1211 1212
279 284
1246 1251
717 723
969 970
549 550
1127 1128
267 270
1245 1246
646 652
1344 1352
1244 1245
1436 1437
657 666
608 623
1435 1436
1306 1320
1340 1344
1032 1036
477 486
935 945
553 555
623 625
754 761
1098 1099
70 71
645 646
248 249
233 248
537 543
934 935
503 505
534 537
508 509
1339 1340
1412 1414
1320 1335
858 871
1060 1062
1274 1277
691 700
403 414
849 856
555 567
54 57
137 141
887 897
977 987
103 104
1277 1285
1403 1405
954 959
270 279
932 934
339 341
220 228
262 267
1380 1385
423 426
57 70
493 503
1128 1136
341 346
372 377
1416 1435
383 392
726 728
1288 1293
921 922
588 600
574 575
844 847
452 453
402 403
28 33
1062 1070
1101 1102
1009 1010
1272 1274
765 779
817 819
1057 1059
488 492
903 905
970 974
518 524
728 742
333 339
1405 1412
966 969
723 726
962 966
908 919
654 657
600 601
856 858
152 155
471 472
25 28
1169 1171
1437 1440
116 117
927 932
950 954
1352 1358
426 446
97 103
141 144
90 97
392 397
947 950
1175 1195
1174 1175
1047 1057
1414 1416
200 206
346 347
127 130
1124 1127
567 574
347 358
837 839
1102 1115
835 837
1299 1306
808 817
1070 1072
217 220
362 365
1136 1169
922 927
871 874
1171 1174
1265 1267
575 577
1335 1339
365 372
1197 1201
257 258
700 707
1363 1376
114 116
790 808
284 285
672 673
779 788
487 488
414 421
945 947
170 173
1358 1362
524 526
1376 1380
71 89
601 608
144 152
1267 1272
1075 1082
27 59
1387 1412
137 150
1136 1147
1045 1046
1344 1347
150 155
914 936
211 233
155 157
723 725
1047 1052
510 531
1337 1339
605 625
936 942
942 944
669 672
841 842
661 669
1322 1324
1324 1337
170 174
882 891
1242 1244
878 882
256 257
420 425
292 294
589 590
119 121
121 137
544 550
903 911
839 841
1064 1090
574 575
26 28
1221 1224
765 802
1046 1047
625 643
267 291
257 267
537 538
80 119
680 688
1413 1414
989 994
1347 1353
892 903
725 729
860 863
481 482
24 26
1214 1217
729 765
1118 1124
461 481
291 292
1217 1221
997 1013
1190 1207
411 412
305 348
1149 1161
63 70
1419 1440
1107 1118
390 411
660 661
412 420
704 710
35 42
483 510
1161 1186
1339 1344
818 839
296 303
1147 1149
1052 1060
720 723
1353 1372
47 63
1412 1413
1300 1313
967 976
24 46
544 547
1347 1350
664 677
504 534
309 320
907 912
45 54
417 422
1143 1158
352 354
1133 1139
1423 1425
765 768
171 193
15 26
1435 1440
690 704
1176 1183
151 171
1071 1074
1229 1235
251 261
1243 1260
422 425
1183 1184
68 74
768 773
1429 1435
890 893
912 917
1264 1267
1192 1193
1218 1224
1306 1343
574 582
90 95
1173 1176
1350 1355
1187 1192
372 375
613 629
538 544
806 810
272 286
401 417
790 797
1098 1101
1172 1173
473 495
34 37
560 562
1298 1302
1023 1033
739 745
745 750
1113 1133
1260 1264
300 305
1067 1071
965 966
1358 1361
1235 1238
996 1014
261 272
1141 1142
1142 1143
938 955
885 889
1 15
1158 1159
31 75
1262 1271
1130 1138
854 855
458 467
815 826
635 636
59 64
1113 1123
1000 1002
499 501
1112 1113
813 815
1123 1125
557 566
260 277
707 709
932 937
787 800
1082 1094
484 489
1125 1130
105 107
743 745
621 623
780 786
672 674
329 333
434 438
611 619
1340 1341
1252 1255
542 549
322 324
1258 1262
404 407
130 147
715 716
1003 1004
853 854
83 104
416 431
1336 1337
1176 1187
242 246
676 694
438 445
536 542
41 51
1159 1160
1187 1194
844 848
168 183
400 404
415 416
603 605
1279 1286
942 951
1221 1223
916 919
1232 1243
1273 1279
517 522
553 557
33 36
407 414
757 759
984 988
1107 1111
382 394
526 530
1111 1112
349 365
501 517
225 226
940 942
1004 1009
125 130
154 155
919 926
1299 1309
926 932
1094 1101
1243 1246
1335 1336
1386 1392
952 954
236 242
277 283
530 536
365 374
723 730
432 434
208 209
308 316
991 1000
580 585
905 914
152 154
1102 1107
1339 1340
605 609
734 735
1160 1166
292 308
1346 1351
1138 1141
54 46
931 954
728 740
472 492
1 24
1209 1215
314 318
1273 1287
829 831
1313 1327
335 343
1150 1152
530 537
165 206
893 896
1121 1135
727 728
1225 1228
213 233
494 495
655 665
1230 1261
1084 1091
233 234
1261 1273
1439 1440
740 757
345 350
394 401
326 333
1394 1412
757 761
206 213
1334 1346
1016 1018
1106 1115
954 962
234 271
343 345
132 137
406 416
1063 1081
962 966
374 394
305 314
576 655
82 100
554 576
537 554
440 460
1228 1230
1031 1038
1327 1334
281 291
1135 1150
1387 1394
1412 1439
318 326
1038 1063
333 335
1384 1387
761 798
858 878
804 810
515 530
401 406
1180 1207
1115 1121
293 305
140 152
884 893
1356 1384
665 667
798 804
667 681
970 990
845 858
698 727
1027 1031
1098 1106
416 420
695 698
689 695
492 494
966 970
420 430
1215 1225
810 829
1346 1356
1018 1027
681 689
137 140
831 844
152 162
271 281
430 440
495 513
1081 1084
1287 1299
37 82
291 293
100 88
1168 1178
1260 1264
1067 1069
113 114
484 493
361 363
419 438
256 258
266 268
853 856
766 767
1432 1433
1130 1133
1007 1022
1354 1356
392 398
1133 1134
268 271
739 742
762 763
298 304
1321 1322
1342 1343
747 751
53 61
1284 1298
311 312
31 33
1264 1266
620 627
993 999
734 735
1178 1180
108 109
207 209
66 70
1245 1249
1226 1235
391 392
1033 1039
1065 1067
898 900
1309 1314
991 993
646 653
1129 1130
333 343
704 712
1364 1365
933 935
542 550
1104 1110
799 804
1436 1440
409 419
1322 1332
271 272
374 379
1162 1165
589 590
379 380
15 18
321 322
483 484
296 298
757 762
118 128
1381 1383
1380 1381
845 846
804 808
249 250
250 254
494 501
1148 1162
550 553
70 77
816 820
467 469
1024 1030
931 932
141 146
616 618
1213 1214
935 936
1141 1142
88 90
1243 1245
790 799
1003 1004
751 752
742 744
352 361
155 158
1280 1281
814 816
254 256
20 22
304 311
188 189
627 631
230 235
136 137
553 562
1088 1098
330 333
110 113
869 871
1298 1302
539 542
752 755
403 409
631 637
777 780
1425 1426
1420 1425
363 369
79 86
503 504
369 374
347 352
1084 1088
600 601
1114 1116
1100 1104
1387 1392
1098 1099
820 823
523 527
265 266
1365 1367
1343 1346
169 178
776 777
1142 1147
712 717
789 790
50 53
571 573
1314 1317
165 168
696 698
13 15
182 188
900 908
61 66
135 136
1204 1213
946 947
729 732
1147 1148
163 165
153 155
480 483
637 642
285 291
607 611
671 672
1120 1121
1070 1072
862 867
246 249
1138 1141
3 5
291 294
214 220
1041 1050
1367 1368
209 214
272 273
1241 1243
1134 1137
1383 1387
343 344
527 534
180 182
471 474
923 925
1165 1168
735 736
274 275
1277 1280
1374 1380
1069 1070
2 3
1359 1363
1411 1413
1214 1226
21 31
530 542
565 579
373 398
1429 1431
86 88
718 723
266 275
1431 1432
777 779
327 344
791 793
1217 1220
963 968
275 276
789 791
954 958
1220 1237
28 31
779 787
1362 1380
241 249
841 869
276 277
579 620
1322 1349
512 530
544 557
143 146
869 876
1136 1144
183 197
146 163
399 469
743 744
300 322
1437 1440
119 120
968 991
398 399
1211 1215
197 204
876 884
120 127
490 505
935 936
1301 1310
1210 1211
724 740
793 799
182 183
991 998
1201 1209
0 2
0 1
1439 1440
2 0
1079 1429
0 360
78 17
794 797
1307 1314
30 31
670 680
346 368
614 639
828 849
1375 1384
811 817
406 409
211 219
611 614
980 988
537 548
1236 1238
259 263
582 585
1331 1358
475 494
141 149
287 292
235 238
515 532
711 716
708 711
740 744
93 96
468 473
31 43
184 185
79 93
639 668
494 510
297 309
758 759
58 64
452 468
744 745
888 895
1164 1191
548 570
1402 1407
451 452
238 241
13 26
1208 1211
1384 1402
178 184
1256 1261
26 30
64 74
149 176
1204 1208
390 403
203 210
1261 1270
926 932
783 787
368 378
1362 1363
1358 1362
1278 1287
1191 1204
74 79
1099 1107
735 740
185 186
403 406
473 475
576 582
599 611
797 800
680 691
103 138
1013 1018
1211 1212
585 599
787 794
895 915
570 576
1363 1372
1216 1236
932 980
1407 1440
1238 1246
432 451
1003 1007
219 222
1270 1278
817 828
186 203
759 783
988 991
43 58
668 670
0 2
540 900
179 539
83 39
1355 1365
726 731
1193 1196
1417 1440
280 285
1352 1355
699 702
751 767
219 220
1073 1079
1146 1151
84 92
635 643
482 483
375 376
48 79
1282 1286
961 968
815 819
953 961
315 317
1278 1282
1174 1177
220 222
481 482
1313 1322
519 523
591 592
1262 1274
693 696
317 326
172 178
178 185
285 303
473 481
1234 1262
1394 1396
989 990
47 48
767 768
376 386
1010 1017
702 703
132 133
1088 1093
7 27
344 347
1 2
592 635
525 528
553 591
543 545
326 335
528 529
207 210
696 699
1297 1313
703 705
533 540
884 937
27 29
540 543
369 375
347 369
389 402
425 438
968 979
303 315
1365 1382
1201 1205
990 991
335 344
29 47
840 849
1205 1210
545 553
422 425
991 999
819 827
529 532
1399 1417
2 7
1391 1394
999 1000
1115 1121
1322 1324
1229 1234
386 389
1196 1201
241 248
131 132
1169 1174
450 458
185 203
230 231
869 870
1186 1187
248 280
979 982
124 131
1163 1167
224 230
1121 1128
1167 1169
101 109
849 852
938 944
690 693
138 146
79 84
222 224
774 815
1093 1094
873 881
725 726
109 124
1094 1115
1187 1193
1177 1178
1134 1146
643 689
1128 1134
50 50
864 875
1229 1235
593 639
1268 1269
555 556
274 287
749 753
303 304
134 167
1421 1437
32 48
304 307
48 57
514 517
457 472
356 374
1277 1287
1269 1277
1042 1052
838 840
19 22
22 29
736 739
98 101
685 692
1160 1183
1399 1421
860 863
374 396
566 571
712 720
1035 1042
517 521
720 727
172 183
1183 1204
482 493
652 655
539 555
183 184
333 356
1346 1354
882 890
840 841
167 171
70 98
667 674
859 860
418 457
314 320
109 115
1007 1009
1243 1257
787 819
1083 1087
320 328
1391 1396
1139 1147
1204 1208
739 749
643 652
878 879
655 665
1000 1007
879 882
307 310
674 683
1257 1268
292 303
1052 1066
702 712
729 736
727 729
775 787
213 245
1437 1440
1220 1229
849 857
857 859
753 765
639 643
1109 1112
330 333
1087 1108
1112 1139
1066 1077
828 838
971 973
115 132
841 849
683 685
498 514
328 329
819 828
273 274
692 702
29 32
665 667
556 566
1298 1299
2 15
606 608
386 409
300 309
384 386
1290 1293
737 741
997 1003
104 115
947 949
51 54
752 766
323 328
140 141
1137 1139
1324 1336
1437 1440
733 735
18 85
385 386
598 603
72 88
351 358
1335 1342
972 977
797 823
911 912
230 232
575 582
1122 1124
1426 1440
239 240
949 972
342 345
1023 1026
642 660
582 598
256 267
107 111
863 882
328 329
660 661
1342 1344
908 909
128 140
977 987
282 286
635 639
1056 1063
483 491
229 230
1287 1289
366 369
1084 1088
273 282
1141 1169
245 252
639 642
777 797
252 254
459 466
691 713
882 887
407 408
9 13
532 536
613 618
1063 1064
443 452
412 413
912 936
286 291
1096 1112
836 863
5 9
140 151
371 385
1001 1002
1088 1096
1214 1232
990 992
679 683
1266 1269
1021 1023
683 684
570 575
1192 1205
88 95
1326 1331
1130 1131
466 483
1368 1390
420 423
329 336
565 567
661 662
1344 1362
1026 1031
345 349
742 758
105 107
1298 1314
401 404
254 256
559 560
887 889
32 46
718 740
336 342
119 128
889 898
1321 1326
303 322
1002 1008
232 239
1392 1410
618 633
528 532
267 273
560 565
349 351
111 119
40 31
271 275
917 922
74 86
86 99
763 767
536 552
47 74
319 323
123 126
857 863
1379 1384
148 149
1119 1121
368 373
922 932
622 664
903 916
1125 1146
514 529
1438 1439
790 800
205 207
246 256
716 723
613 622
1222 1224
1423 1424
434 444
821 857
723 738
767 788
1106 1119
1091 1093
674 695
498 514
378 385
1314 1325
1224 1259
373 378
303 319
664 674
1098 1100
126 142
276 277
5 18
1384 1412
444 447
993 1005
143 148
601 605
552 583
932 940
1343 1379
447 483
1146 1209
275 276
1209 1222
207 212
323 359
18 47
359 368
233 246
965 970
483 484
886 903
1005 1015
1268 1314
940 952
1259 1268
99 114
1102 1106
75 22
1406 1414
1154 1162
651 655
1089 1098
942 943
1001 1002
812 822
47 51
338 340
158 182
282 287
735 744
1390 1397
182 183
1430 1437
287 292
388 389
1334 1338
959 969
1280 1281
945 946
888 890
994 999
798 811
363 369
1232 1235
1281 1287
376 377
744 747
494 501
37 42
757 758
1079 1082
1166 1183
1342 1365
183 186
33 35
1365 1372
902 911
465 468
999 1000
508 518
1397 1401
926 929
911 919
322 324
1057 1064
671 674
881 886
51 72
618 619
860 864
1333 1334
35 37
468 478
131 145
1402 1403
1239 1244
1429 1430
587 589
11 13
72 74
292 300
637 638
669 671
1025 1028
13 20
1055 1057
1235 1239
324 326
1321 1331
1379 1384
478 493
719 728
1183 1186
1028 1037
953 955
21 33
929 942
1135 1137
20 21
1039 1055
919 926
81 99
1145 1149
898 902
42 47
462 465
1253 1261
1287 1300
99 121
1105 1106
1188 1209
890 896
345 362
955 959
1377 1379
9 94
220 225
982 987
217 220
429 431
32 33
1169 1173
1114 1122
177 195
36 40
1160 1164
26 32
807 814
755 764
1035 1040
928 945
279 280
23 26
520 534
1176 1182
236 239
495 498
419 421
407 412
847 852
380 382
518 520
867 876
961 962
102 105
921 927
587 595
562 587
158 161
1029 1030
1316 1320
426 429
257 261
901 906
421 424
751 755
249 252
1408 1413
723 731
60 63
764 768
166 175
731 732
1293 1300
1239 1248
1229 1238
33 36
391 407
1391 1408
1421 1429
1041 1051
1164 1169
610 613
4 11
424 426
1263 1267
1157 1160
105 108
613 632
804 807
1288 1293
546 552
67 79
329 369
1248 1256
1222 1229
778 799
768 778
682 685
919 920
1173 1176
129 136
561 562
632 655
844 847
498 500
685 697
853 867
876 892
431 438
382 391
1312 1316
1078 1097
906 919
1413 1421
460 480
63 67
315 329
280 285
225 236
1340 1352
655 657
927 928
732 745
681 682
1213 1222
799 803
962 967
675 681
73 16
884 901
874 876
183 189
553 555
718 719
1236 1238
205 217
1381 1386
1353 1363
1042 1073
928 929
465 471
166 167
647 653
1424 1431
253 274
965 989
418 421
961 965
1156 1168
1210 1214
328 331
167 171
472 473
49 57
375 381
802 804
317 320
350 353
126 129
245 246
383 408
1438 1440
475 476
1369 1373
381 383
288 296
1411 1413
483 489
943 948
462 465
497 503
176 179
5 14
1101 1102
1234 1235
150 154
771 773
39 45
1102 1103
19 25
823 829
1351 1353
744 746
851 862
708 713
505 534
783 788
14 19
793 796
1238 1239
665 668
1124 1131
246 253
1235 1236
764 766
1025 1028
843 847
76 79
994 1001
685 708
160 163
1176 1184
219 221
189 191
1228 1231
408 409
59 65
65 69
79 81
1363 1369
847 850
755 762
1239 1240
233 245
561 570
1290 1297
1103 1115
636 647
84 88
634 635
758 761
432 435
732 741
531 544
993 996
664 668
351 356
250 258
808 813
806 807
412 424
992 993
1206 1223
500 505
1026 1036
693 703
1422 1427
1187 1193
612 613
1075 1077
107 108
896 902
971 972
1296 1299
1129 1151
1119 1121
1174 1177
945 947
444 458
1242 1255
825 830
1376 1386
467 475
19 22
1339 1342
93 95
1183 1187
1342 1344
1077 1080
275 277
131 135
155 172
613 619
1344 1362
1080 1087
770 779
183 199
813 821
852 853
182 183
12 19
830 834
723 724
1329 1339
544 554
1386 1400
655 664
970 971
883 885
788 790
1121 1129
77 93
1103 1108
1232 1242
1260 1268
596 612
483 494
221 226
921 924
200 215
887 896
1281 1290
633 634
1204 1206
405 412
1177 1181
247 250
1154 1169
356 375
919 920
801 802
1290 1296
903 904
143 155
1362 1364
878 883
912 915
1280 1281
783 788
585 596
554 558
300 308
258 270
682 688
821 823
924 945
375 394
1109 1112
741 750
435 436
1305 1306
231 240
1299 1305
95 107
622 628
1053 1065
1364 1376
1151 1154
1016 1026
800 801
724 732
475 476
1172 1174
1306 1320
1273 1274
790 800
1410 1422
721 723
199 200
972 991
688 692
74 77
708 712
1072 1075
969 970
823 825
1011 1016
1427 1440
996 1011
619 622
476 483
920 921
308 315
582 585
692 693
108 111
458 467
111 127
35 71
1065 1072
838 842
71 74
874 878
779 783
1108 1109
525 526
834 838
558 582
904 912
277 300
807 808
226 231
394 405
240 247
703 708
750 758
270 275
1320 1329
216 221
22 35
712 721
1269 1273
842 847
1087 1103
1400 1410
991 992
854 863
947 967
847 852
853 854
628 633
2 0
11 361
1080 1430
32 49
1145 1178
1186 1190
978 986
597 619
634 636
657 661
1140 1141
35 61
366 372
661 676
782 790
415 428
1131 1140
713 738
636 657
297 316
394 412
986 998
235 249
1070 1072
703 707
337 351
1387 1402
567 597
61 94
364 366
122 132
19 26
372 394
766 770
268 277
357 364
530 536
504 517
755 758
750 755
1190 1218
517 530
758 766
330 337
969 978
707 713
265 266
834 841
1110 1128
738 750
1141 1145
249 250
173 189
1010 1032
825 834
1032 1070
1072 1075
1225 1229
872 874
216 235
968 969
137 141
102 122
998 1010
189 203
1369 1383
818 822
1337 1359
1178 1186
1128 1131
277 297
619 634
438 448
250 265
414 415
1282 1333
203 209
1263 1282
676 678
162 173
475 502
462 464
536 546
1229 1263
412 414
96 68
1282 1284
961 962
779 780
748 750
485 488
404 408
296 300
604 606
848 849
153 154
264 267
471 475
386 389
59 63
720 723
550 552
1270 1278
335 339
127 130
958 961
55 59
774 776
459 467
692 694
1005 1007
528 542
970 972
1337 1349
424 433
1231 1239
928 930
1123 1126
999 1002
1079 1081
1100 1101
223 228
1259 1263
892 899
552 554
470 471
696 698
1367 1374
479 482
750 754
810 821
257 264
71 74
1126 1130
1395 1399
1165 1170
74 78
598 602
1209 1212
1300 1301
1349 1356
482 485
627 640
1429 1438
347 352
1021 1022
1394 1395
403 404
569 571
389 393
369 380
21 23
229 233
1183 1187
1418 1423
1386 1389
998 999
1203 1209
1287 1291
1105 1112
109 118
98 100
780 785
1020 1021
1101 1105
1070 1071
1376 1384
891 892
527 528
1071 1073
667 669
1241 1245
606 608
1278 1282
249 257
930 934
1022 1028
1086 1098
1116 1123
574 579
1392 1394
1073 1075
602 604
475 479
728 729
1075 1079
123 127
726 728
144 146
218 219
408 409
927 928
994 998
284 295
884 885
554 569
675 685
885 889
725 726
1313 1314
1 17
367 369
1196 1199
352 366
979 983
100 109
1188 1189
233 236
333 335
208 210
1067 1070
327 330
729 736
1239 1241
834 848
799 801
17 21
339 347
754 767
78 88
1438 1440
694 696
973 979
767 770
821 834
674 675
149 152
1268 1270
443 447
488 491
580 585
525 527
1054 1062
1112 1116
698 708
1212 1215
857 860
267 268
1308 1313
187 207
240 249
708 714
1305 1308
393 403
624 625
962 967
669 674
467 470
546 550
922 927
