100
2 1
500 300
900
660
2 1
500 300
1500
809
2 2
50 100
450 449
1100 1101
2 1
500 300
300
500
1 8
10
11 13 17 11 16 14 12 18
1 4
5
11553 5539 450 10755
2 8
5 5
11477 9000 2436 10350 13051 2000 5500 523
9000 4500 2000 12625 12700 12650 528 2361
1 2
10
10934 12074
1 4
2
3590 3409 3488 3258
1 4
10
110 33 19 65
2 8
10 6
18000 19549 18000 19800 17212 18537 19800 18500
11366 11699 10800 11337 10800 9720 9720 9994
2 1
3 6
33
54
2 8
7 6
77 7 7 7 7 7 7 7
6 6 6 54 6 6 6 6
1 3
8
20771 12960 12724
2 6
4 1
44 36 27 20 4 32
8 11 1 5 7 9
2 4
9 7
900 913 843 891
727 700 645 700
2 8
86004 411816
722475 779864 781529 642144 794334 347324 960897 682285
589901 765251 658906 719668 977048 852257 985503 700021
2 8
3 4
546 2295 1800 1213 300 2081 1350 974
3406 2400 1278 2200 400 799 2523 1618
1 2
10
17100 19000
2 4
4 7
8539 8831 9962 10120
17015 16242 14490 16090
1 2
5
4500 461
2 1
4 7
23
39
1 6
5
11492 12052 9947 11010 10655 12100
2 8
9 6
99 99 9 9 9 9 9 9
54 6 6 6 6 6 6 54
1 3
9
2927 1980 900
1 1
4
20
2 4
2 10
636 200 754 390
1989 3981 3139 1000
2 8
5 7
15 5 10 45 5 35 5 40
7 7 22 7 15 77 56 47
2 2
9 6
900 1620
1320 600
1 6
248952
896376 996051 943208 854277 657196 901262
2 8
6 7
4331 3780 4358 4182 4206 3824 4335 4123
4651 5398 5002 4838 4980 5390 4879 4907
1 4
9
3600 12718 13801 8100
1 4
1
11 4 8 4
1 7
4
8020 8447 7504 8590 7200 7988 7756
2 7
6 5
14676 13859 15153 14388 13417 13014 15840
13255 12215 11283 10834 10968 10800 11990
2 4
3 3
300 596 1140 810
601 300 1177 990
1 8
10
8 3 2 4 7 5 6 1
1 6
10
10 110 11 10 9 10
2 3
133037 765716
473695 526688 889427
867552 896557 735176
1 4
3
7185 2400 3630 7182
2 7
10 5
3107 2709 3237 3300 2700 3000 3121
1650 1568 1372 1597 1631 1350 1500
1 2
1
6 4
1 8
704568
876875 631721 367735 672768 841286 619146 904952 627556
1 2
6
12606 11382
1 3
1000000
900000 900001 899999
2 5
8 3
792 693 880 908 816
319 275 363 306 332
1 2
7
11469 10514
1 8
262563
819688 646621 945977 999487 856950 928648 455309 836540
2 3
6 7
7888 14156 10560
8640 10080 15749
2 6
5 8
1000 483 1457 2678 1800 3094
1600 5004 787 4028 3520 2197
2 2
6 6
6 6
6 6
2 1
7 6
28
26
2 4
2 4
2630 3278 3272 3400
6800 6382 5215 5989
2 3
4 1
7614 7380 7612
1735 1903 1753
1 4
8
43 30 65 72
2 4
6 9
10038 1757 5171 15000
2750 22500 7581 15798
1 8
10
6478 4000 5833 1084 8800 1982 2700 5197
1 5
8
9492 848 12058 1440 8000
2 4
2 2
821 743 770 720
880 862 786 827
1 8
9
22500 9520 12870 22140 15989 12960 3928 14988
1 6
744543
891872 995086 975062 601800 811302 152251
1 5
86180
873587 173174 710588 627584 734317
2 5
4 9
4 36 4 4 4
9 9 9 9 99
1 5
44400
926007 523837 816646 621371 969997
2 8
159167 92233
400939 363607 920017 967523 956286 298590 412102 645690
924633 713300 519977 763794 664804 820113 789407 881485
2 8
4 1
9680 5760 4812 4800 432 8333 8400 5429
101 1927 2100 1200 1980 1760 1333 1328
1 2
254650
574654 876350
2 7
5 4
33 10 10 20 14 16 45
26 16 8 13 44 8 12
2 8
3 6
2290 2196 2086 2179 1974 2100 1890 2100
4068 3965 4200 4620 4006 4200 4387 4462
1 4
309461
747872 875094 984112 899190
1 7
4
4800 4320 5280 5167 4629 4800 4598
1 4
1
11 1 1 1
1 7
321344
717573 890265 795784 463043 702371 928313 741468
1 7
2
2543 2406 2556 2178 2662 2383 2392
1 5
235412
890597 999864 877680 675724 821398
2 8
5 1
4050 7295 11124 7711 11726 7330 6034 4000
990 1501 1966 1018 1378 2301 800 1675
1 7
7
77 77 14 33 30 14 7
2 8
8 5
9636 10758 11418 9360 9360 10400 11417 10400
7150 6458 6500 6500 6521 6935 7150 7050
2 5
2 6
1200 1195 1239 1123 1320
3483 3875 3297 3600 3240
2 8
2 7
14 13 16 4 13 22 18 12
56 52 38 14 63 77 47 46
1 4
10
18111 22000 21876 21116
2 1
5 10
500
1000
1 8
9
12600 7290 12691 3960 12327 14268 15300 9682
2 8
7 8
7693 7425 6993 7715 7364 8188 7377 8286
8792 8514 8400 9507 8748 9768 9213 9103
1 8
1
630 395 541 526 90 800 180 300
2 3
5 2
1449 951 450
220 546 402
2 5
130350 129552
983525 401729 854534 914614 447014
196452 861070 652117 793543 809199
1 4
2
1906 1869 2000 2172
1 8
233159
899650 537012 947266 706608 617541 744496 993224 825771
1 8
10
25000 23797 26098 23792 27500 23227 27500 27254
2 8
4 1
1600 1163 2514 361 2959 2200 857 3159
216 289 744 568 450 106 772 400
1 2
8
8 88
2 6
9 7
820 4553 3240 2700 1927 4992
1448 3080 2100 639 4189 3716
2 8
1 1
1000000 999999 999998 999997 999996 999995 999994 999993
999992 999991 999990 999989 999988 999987 999986 999985
2 4
7 10
14700 15209 13485 13230
23100 21000 22457 19068
2 8
169819 317009
912814 682159 171132 291005 910897 901490 905129 868196
533737 789842 624386 949854 269322 675342 319783 994790
2 3
6 6
600 1933 1223
1294 600 1654
2 5
10 10
2200 5304 1027 3000 3659
1011 3000 5029 1800 3660
2 8
4 5
396 371 408 376 380 413 423 385
510 487 498 605 466 531 475 548
2 8
8 1
7712 6682 6642 6480 7358 7200 6597 6698
990 983 811 911 891 888 900 856
