100
1 1
540 600
840 900
2 0
900 1260
180 540
1 1
1439 1440
0 1
1 1
1287 1440
1107 1287
2 0
1439 1440
0 1
0 2
1328 1440
938 1328
0 2
1367 1440
910 1367
2 0
212 509
509 575
0 2
122 452
1108 1440
1 1
138 326
326 823
1 1
1063 1166
921 1063
0 2
0 1
1439 1440
0 2
577 849
849 966
0 2
49 240
1273 1440
2 0
780 997
282 780
2 0
1080 1430
0 360
0 2
1109 1440
1097 1109
0 2
1270 1309
1309 1440
0 2
953 1440
924 953
1 1
433 587
35 306
1 0
795 1043
2 0
11 361
1080 1430
2 0
717 968
1052 1296
1 1
1120 1440
776 832
0 2
844 996
996 1440
2 0
1133 1207
1207 1246
0 2
583 769
383 583
2 0
1079 1429
0 360
1 1
88 169
821 860
0 1
1061 1440
0 2
11 361
1080 1440
0 2
1359 1440
1136 1359
1 0
67 781
2 0
389 419
810 963
0 2
465 542
700 724
0 2
1022 1246
1246 1440
0 2
421 758
1195 1440
2 0
630 960
272 630
0 1
1409 1440
2 0
365 780
785 912
2 0
1048 1126
1126 1440
2 0
1288 1435
646 1151
2 0
1049 1440
144 289
1 0
914 1440
1 0
1332 1440
1 1
131 709
1436 1440
1 0
621 724
0 2
351 679
1112 1322
2 0
131 172
172 314
0 2
825 996
996 1440
1 1
837 857
857 934
0 2
541 901
180 540
1 0
1161 1440
1 1
1145 1226
1226 1304
0 2
877 1282
1282 1440
0 1
1058 1440
0 2
1071 1299
1299 1440
0 2
142 538
1399 1440
2 0
874 937
849 874
2 0
1083 1303
1303 1440
2 0
1200 1234
1234 1440
2 0
367 767
767 1017
1 1
0 1
1439 1440
2 0
10 360
1080 1430
2 0
675 1281
523 586
0 2
1195 1213
569 580
0 2
614 707
455 614
0 2
790 1013
298 555
2 0
10 360
1079 1429
0 1
353 422
2 0
1035 1440
1019 1035
2 0
1395 1417
1417 1440
0 2
442 639
39 442
2 0
1161 1412
1412 1440
0 2
1080 1440
0 360
2 0
278 724
141 278
2 0
861 1148
528 861
1 1
410 519
1346 1440
2 0
742 896
896 1440
2 0
927 1144
1144 1440
2 0
495 658
769 1146
2 0
696 949
29 331
0 2
180 540
540 900
0 1
664 1301
0 2
426 1014
1035 1160
2 0
1198 1440
566 694
0 2
1152 1440
757 1152
2 0
1110 1333
1333 1440
0 2
1259 1440
1131 1259
2 0
1429 1440
1055 1223
0 1
1176 1292
2 0
789 1214
1214 1440
1 1
1265 1440
387 495
2 0
1315 1440
209 649
2 0
684 787
427 684
0 2
10 360
1080 1440
0 2
974 1062
1378 1440
1 1
296 532
1353 1440
0 2
641 708
529 641
0 2
540 900
179 539
