Case #1: 0.5833333333
Case #2: 1.2000000000
Case #3: 0.5100000000 8.0100000000 8.0000000000
Case #4: 0.1857142857 2.2878787879 5.5000000000 5.8902597403 24.0000000000 2.1111111111 10.4735930736 2.4735930736 2.0833333333 10.0833333333 12.3989898990 0.3902597403 10.2878787879 12.1944444444 12.5847041847 26.1111111111 5.7045454545 0.2045454545
Case #5: 4.3014492754 10.1670682731 0.0898876404 0.4337349398 0.9369607462 9.7333333333 0.6987951807 10.4321285141 0.0500000000 1.0996113486 0.5032258065 0.1708860759 10.3297188755 4.2000000000 0.1014492754 0.5963855422
Case #6: 2.1000000000
Case #7: 1.2602952603 2.5619973433 2.9204081633 1.8762830576 0.7963369963 1.7025641026 0.6449704142 0.7500000000 2.0871794872 1.1025641026 0.3333333333 1.0190476190 0.0571428571 0.5641025641 3.1334259147 0.0808080808 0.8163265306 0.5714285714 0.9463369963 3.2537414966 2.9846938776 1.3214285714 0.1212121212 1.2244897959 3.4667592481 1.1833721834 1.4398422091 1.2571428571 0.3628593629 3.5207100592 1.2448979592 0.1142857143 1.7731157731 0.9333333333 1.1538461538 0.8979591837 1.2346542347 2.0871794872 0.1214285714 1.6632653061 1.6923076923 1.1794871795 0.2130177515 3.4667592481 0.9387755102 0.3333333333 0.3846153846 0.6000000000 1.2153846154 0.6857142857 0.9333333333 0.4654234654 2.3489795918 1.0489010989 0.6449106449 1.7538461538 0.6857142857 3.1977116290 0.6642857143 1.5904761905 3.3076923077 1.3629191321 2.0358974359 0.2820512821 0.5424063116 0.9846153846 1.5904761905 1.9526627219 0.8244575937 1.7668498168 0.2603550296 3.3885003885 0.5142857143 1.4142011834 3.2537414966 0.0642857143 2.0358974359 0.7857142857 1.0190476190 0.8989010989 0.8820512821
Case #8: 0.2317880795 4.2962448672 1.1538461538 0.7307692308 0.5331579425 3.7619982918 6.2014401124 3.6870040963 0.0338983051 0.0596026490 0.7397260274 5.6538461538 3.3856342333 0.3424657534 0.3013698630 0.3561643836 4.5000000000 4.1592585658 0.7328767123 4.6025641026 3.7756969220 5.5000000000 0.6485425579 3.4195325384 7.1954340226 1.2238850236 0.3767123288 6.1603442220 0.5879524630 7.1611874472 6.4625573102 2.0918510713 1.1085004082 1.6611874472 3.2134488029 6.1153846154 0.6896384483 0.9646647918 7.3392696390 0.1749872644 1.7022833376 1.6954340226 0.8767123288 0.9625573102 0.3471726949 4.1253602607 3.1538461538 1.8392696390 1.6153846154 0.1025641026 0.0282485876 6.1153846154 1.0458028318 4.1185109456 1.7014401124 0.4615384615 0.9715141069 6.5918510713 0.1153846154 0.9304182165 0.7903718798 3.1877444589 3.7280999867 5.8589743590 0.6153846154 2.0987003864 4.2623465621 5.7134488029 1.2134488029 0.5742538329 7.2022833376 3.7417986169 0.6986301370 0.4363149778 1.3589743590 1.0800494072 3.7209024014 1.6603442220 1.0868987223 6.2307692308 6.2903718798
Case #9: 2.2319954989 7.2500000000 68.6142142142 1.6666666667 67.0000000000 0.0216216216 0.6261954262 16.7872523686 67.0183486239 0.4552552553 29.0216216216 2.5356125356 0.7409560724 67.7623623624 17.8898164712 51.0108108108 68.7595630514 0.7625776940 1.8433048433 0.7407407407 2.6410256410 51.0183486239 2.8321241635 1.4516129032 60.0183486239 1.4615384615 0.3979075850 2.0529363110 14.5000000000 68.8616534672 68.8649264649 68.8433048433 0.3870967742 0.1453488372 29.0000000000 1.4871794872 16.0465116279 15.8953488372 1.9354838710 0.6370062370 15.7500000000 51.0000000000 0.0108108108 16.2500000000 60.0216216216 1.5925925926 0.4444444444 68.6109412164 0.0183486239 0.6153846154 0.4660660661 2.1398164712 0.2965116279 60.0000000000 68.7562900537 0.4838709677 0.4087183958 67.7407407407 68.5925925926 67.7590893646 1.7948717949 2.4358974359 0.2580645161 29.0183486239 68.7379414298 1.7379414298 1.0372523686 1.9631782946 1.1025641026 67.0216216216 16.4909560724 0.7517668832
Case #10: 1.2702702703 12.6071538699 1.0540540541 2.0270270270 12.0000000000 0.2883132902 1.5142857143 34.0000000000 5.9645270270 1.0285714286 12.5362318841 0.0533333333 0.3416466235 0.2285714286 2.4864864865 1.2459627329 6.7483108108 2.4864864865 4.9915540541 3.9375000000 0.2707246377 6.1266891892 57.0000000000 2.8108108108 5.2077702703 0.3188405797 12.3188405797 2.5675675676 0.6071538699 1.3750000000 83.5142857143 1.5142857143 0.5362318841 0.0709219858 1.6000000000 85.3142857143 0.2173913043 82.0000000000 1.8571428571 2.1891891892 2.2444183314 6.4239864865 3.3142857143 1.2000000000 5.1875000000
Case #11: 0.5555555556 1.9629629630 5.0025641026 0.5025641026 4.5000000000 2.4655270655 2.8437500000 4.6666666667 1.1111111111
Case #12: 4.1596736597 3.8277777778 3.9230769231 0.4090909091 0.4777777778 2.5384615385 2.7692307692 5.8776223776 1.9545454545 6.3554001554 2.2051282051 4.4008547009 3.3500000000
Case #13: 9.6750445633 0.4141414141 2.2285714286 11.4202020202 40.4000000000 11.5437314320 37.4000000000 9.9656565657 0.7739495798 2.4857142857 10.6020202020 4.8148148148 13.1295900178 35.0882352941 35.0000000000 1.1515151515 3.5690235690 4.4444444444 2.2571428571 2.2981240981 9.5515151515 0.6857142857 11.8141414141 10.1878787879 1.9142857143 42.0060606061 3.0000000000 0.8092436975 3.0505050505 8.4000000000 2.3714285714 5.5959595960 1.7878787879 3.3939393939 1.4444444444 3.5993265993 38.5515151515 6.7235294118 13.0060606061 13.4202020202 2.6363636364 29.0000000000 11.2000000000 11.0363636364 35.6000000000 3.2323232323 8.8141414141 7.0141414141 3.1851851852 3.0202020202 5.5925925926 6.6000000000 4.1515151515 0.1235294118 40.0363636364 4.6060606061 11.5235294118 0.3838383838 11.1598930481 8.5235294118 11.6141414141 0.0882352941 11.4000000000
Case #14: 0.1637426901 2.2083333333 2.3529411765 2.1891891892 1.4333333333 1.6435298935 0.0810810811 1.9901515152 0.6486486486 1.4594594595 2.7994652406 1.9318181818 1.3783783784 2.4543407043 1.9000000000 1.8108108108 1.0000000000 1.6283783784 2.0128992629 0.2500000000 2.0666666667 3.0337837838 2.0000000000 0.5416666667 0.0151515152 0.2651515152 2.7843137255 1.6666666667 2.1176470588 1.1176470588 2.7837837838 3.0489352989 2.5166838665 2.4391891892 0.5568181818 2.5509803922 1.9750000000 3.1843137255 0.3462325962 2.6333333333 1.5416666667 0.3310810811 1.2162162162 3.0494652406 1.5568181818 1.6818181818
Case #15: 38.5000000000 0.0438596491 3.3076923077 1.1000000000 0.3426966292 7.6410256410 0.8876404494 6.4666666667 4.8666666667 2.6274706868 0.1573033708 41.8076923077 0.1608040201 4.4076923077 4.3333333333 2.4666666667 42.9076923077 46.1410256410
Case #16: 0.6885245902 63.0000000000 68.2941176471 4.9473684211 5.2941176471 11.0274509804 0.1293103448 5.7333333333
Case #17: 2.9047619048 5.1506493506 2.9047619048 5.2523809524 4.2047619048 4.2047619048 1.8714285714 3.8666666667 3.3809523810 2.3809523810 2.0000000000 8.1428571429 7.3333333333 8.3636363636 0.5333333333 0.4696969697 1.3000000000 3.9333333333 7.9047619048 10.7142857143 1.2727272727 7.9523809524 1.9666666667 10.2380952381 0.6190476190 3.4545454545 0.5272509265 0.5714285714 10.2380952381 2.5333333333 0.6470588235 3.9242424242 2.6470588235 0.8095238095 8.8181818182 0.2000000000 4.7333333333 4.6809523810 11.2857142857 3.9523809524 10.3333333333 0.0575539568 3.8506493506 3.6809523810 4.4030303030 0.6666666667 8.9350649351 3.2666666667 6.3636363636
Case #18: 50553398.4678154737 49468025.9859745800 50990847.8170120418 50974348.1499504969 49287036.1857995316 49317021.2769807279 62384249.5449895710 65520900.2512095720 60275147.9307302684 51666007.6468910575 61442577.6652782634 50970662.1801756695 65013839.4206110090 60378697.4107872471 52032838.2210235521 51560310.1619697288 61776000.6122391522 54377125.3592801988 62634867.9595194831 50632112.4835812375 47923808.5921940356 49659849.4809295684 49002458.9510941803 48174427.0067239478 51998040.6614601314 49183486.7057425529 53987268.2667659745 61672296.3900378793 49885289.6983347759 60128078.9962573349 52289439.3565510064 64521802.6474631727 63698748.2140104994 50580635.1650501639 51137916.7514849752 63425842.8787494004 48149591.5424327329 63928466.9387701154 51337492.7543081641 48488141.2390271649 49824269.2732341960 62757668.8718787730 48253141.0224897116 51632048.8267156184 50920229.0419479683 50350916.4402905479 63069599.5914897844 62531318.4794625044 53031935.8247699514 51241466.2315419540 64123597.0497576669 49546740.0017403439 49036417.7712696195 53620437.6926334798 52719798.4863104299 49238307.2612149641 66242658.0760598704 65380669.9947435036 48002522.6079597995 51998879.4008481130 54986365.8705123737 64845354.8746079654 63124499.4460112676 64154972.0733306780 50241532.9855943918 61525382.1977092400 49655570.9735751599 52336590.3580545634 50546676.3448747247 52535065.2107925862 50998943.0577137321 52891308.4980522022 53719734.8294448107 52305346.4860329702 48070877.5266669691 51204066.8747101128 52641084.4705446661 62839880.8667301685 49902983.2889999598 66379767.5984899029 52656269.9306835011 62028539.6772974953 50902919.6321343407 53753693.6496202499 49806918.4154025018 48341072.3045542315 53655367.5344299003 64284710.2260297313 49253077.3656240925 49149527.8855671138 55708123.6953626722 61672451.1321821734 49910467.8954594806 48591690.7190841436 52997977.0045945123 51919326.6456943676 53058348.1829048619 67101525.4233402014 50316957.6201151088 50936878.4523097798
Case #19: 7.7619917771 0.1256281407 3.1481481481 7.6363636364 0.7037037037 9.9090909091 7.5925925926 47.5000000000 1.6363636364 3.2737762889 4.0740740741 18.5454545455 0.0370370370 3.6400000000
Case #20: 1.2400000000 1.0782472613 2.8322388060 2.2800000000 7.3874551971 1.8322388060 3.6460215054 2.2515936447 4.2304370898 2.8425613866 1.7922388060 2.2903225806 0.5844155844 1.2800000000 0.8400000000 3.7763440860 3.6111111111 2.8860215054 0.1338028169 5.7222222222 4.8709677419 5.0971326165 0.6704370898 1.6993548387 3.5600000000 1.0037704231 5.9771326165 1.3922388060 0.5522388060 2.0704370898 4.1122388060 2.8000000000 3.4704370898 3.1111111111 2.7741935484 2.4838709677 2.3660215054 1.0037704231 0.4193548387 0.3118279570 0.0860215054 4.0000000000 1.4000000000 4.3607596704 1.2258064516 0.4193548387 1.4860215054 3.3522388060 1.9522388060 0.6774193548 1.3596092685 0.8962435414 0.9444444444 3.6903225806 3.6971326165
Case #21: 2.3600000000 4.7520197931 3.9828311966 3.6022222222 1.6979989945 2.0985576923 2.5725201870 1.3589743590 2.7222222222 0.5600000000 2.6470588235 1.8518451483 3.1241987179 1.9959935897 0.8421052632 0.6883012821 1.9230769231 2.5338461538 0.3076923077 1.1498397436 3.1809049774 0.6470588235 2.5401464304 2.6837606838 2.5230524133 0.0386740331 0.0729166667 4.4443274854 1.8934294872 1.8347511312 4.5655203620 1.3076923077 2.0256410256 3.7560683761 0.9186740331 0.6641528406 0.9959935897 1.1876923077 1.4318910256 1.5441528406 3.5258659469 0.5986740331 1.0338461538 1.6538461538 1.8205128205 3.9184615385 1.5270588235 2.3036858974 3.5087719298 4.1666666667 0.0384615385 1.2263663408 0.1925201870 1.9076677979 2.3986740331 1.7692307692 0.1538461538 3.9099145299 4.5981736392 1.9247618150 3.1666666667 2.6641528406 1.6809049774 0.0170940171 3.5643274854 3.1979989945 0.8800000000 3.0512820513 4.8249364597 0.6153846154 2.2307692308 1.2992830075 2.6666666667 1.9146676229 4.0087719298 1.8759935897 3.9571355716 1.0769230769 0.3806089744 3.0384615385 1.2606089744
Case #22: 4.5460526316 0.2153846154 5.4210526316 20.7153846154 4.1250000000 0.4210526316 20.5000000000 8.6250000000 2.1250000000 0.4076086957 5.0000000000
Case #23: 26321269.1038656645 20784201.0385656394 19009505.8110841066 10609921.1932931542 22718540.9487638175 19953942.1299993321 24011999.7813309282 17208980.1429789215 19991055.2774831727 13236940.4959819876 22817251.0130698904 22788797.9547068402 21737297.4466016591 22829703.9329980500 13502342.0780934244 16349609.2326829005 17772154.8124077395 17685364.5498139560 27989513.4036398865 21897754.0589218736 20968368.8721107692 26404924.8285847716 19526796.1962103508 24348067.3588396125 21075062.5491954386 23928344.0566118211 30732053.4145074971 31929262.1595828347 17544358.0009439364 15939122.3806954715 21337449.1383803114 20219343.7121107653 23067717.8005424738 24650283.4447821602 20436778.8857442066 18976628.5353717357 26975086.6615284495 18182641.6643951684 26293761.8443505391 19242030.1174831726 19415633.2119761184 20785955.7375228629 23937580.5068521835 23930804.0334261246 23710908.8829783797 27518477.8489410020 25677046.2025446072 21042555.7855883576 24479837.4574692696 27240488.2436398827 22733595.2883507870 17558156.9947575778 13906072.4061912224 20809660.9670840055 17958005.3029789217 27589665.0954185389 23178880.7847767062 24566627.7200630531 20700545.3138465360 15302867.7461986095 24630229.6011032350 17133871.1489565074 20568520.5638894215 17077562.9736801423 22019869.3802159503 23467566.1087638214 24908117.6280537173 21185804.0457442105 14316559.2581786513 30815709.1392266043 19826120.0639635473 22875588.2173006237 13851518.9298720807 24563493.1821883768 20988272.2866016552 23578729.0929980539 16916435.9753230661 29041013.9117450677 20171377.3036327735 22237304.5538493916 23794564.6076974869 17326922.8273104951 24519066.6168690026 10199434.3413057271 27407314.8647067696 25763836.4651383907 16943578.5608674847 25125552.8016871586 21424239.4009740949 22564302.3508866169 22453139.3666523844 18191115.9940363765 18095851.4018013850 26210106.1196314320 16993907.2489610389 19591206.9692618288 14251367.2380934246 21824087.7091954425 19937283.0481977798 20722870.7044902220
Case #24: 0.0112359551 4.5000000000 1.9705882353 1.6470588235 1.3823529412 1.3935888962 4.9000000000 1.7352941176 1.7352941176 1.4666666667 2.7352941176 4.5112359551 2.6000000000 0.4705882353 1.8235294118 0.0933333333 2.8333333333 1.5600000000 2.7666666667 5.4000000000
Case #25: 0.9166666667 0.4942528736 3.5029126214 3.1145631068 2.6000000000 3.3281553398 1.3947368421 1.6666666667 4.4000000000 0.7281553398 0.9029126214 0.5145631068 2.6486486486
Case #26: 1.6941256418 0.5263157895 1.1000000000 1.1263157895 0.6666666667 3.1169590643 1.8894736842 1.2894736842 0.9629629630 1.6421775899 2.9064327485 3.3274853801 2.2941256418 3.2748538012 2.2222222222 1.3315405302 0.0577620054 0.4074074074 0.9466848941 0.0526315789 1.9414217362 1.1729622663 0.9104878986 0.6577620054 1.1577620054 0.4814814815 1.1782638414 3.4257045892 1.1210142144 1.0524988475 1.2962962963 1.0789473684 0.9947368421 0.8947368421 1.2789089512 1.0526315789 0.0058139535 0.1111111111 0.8421052632 0.6519480519 1.0736842105 0.1630591631 1.6363636364 0.7103935844 1.7835269993 0.0802919708 0.4210526316 3.0643274854 1.1519480519 1.0730006835 1.1315789474 1.3052247407 0.7368421053 0.0519480519 0.4736842105 2.7941256418 1.1481481481 0.7045796309 0.8684210526 1.7315789474 0.2262773723 2.9590643275 1.7893409528 3.3011695906 3.5835993260 0.9631194775 1.2727272727 1.0466848941 0.5256322625 1.0210526316 3.1689071163 0.5341130604 0.3947368421 1.0788146370 0.6842105263 2.6888624839 0.6526315789 1.1052631579 0.6000000000 1.9472356896 0.9223972340
Case #27: 0.4846656611 0.3454415954 1.2211538462 0.3750000000 0.7179487179 4.0801282051 1.0571428571 1.0512820513 0.2091503268 1.6282051282 1.0534798535 1.2435897436 1.9647435897 0.5801282051 1.4590246355 3.1570512821 0.7564102564 1.3967236467 1.0487682252 2.0285714286 1.0897435897 0.1241830065 0.9864672365 1.1589947090 0.1960784314 1.4285714286 1.1714285714 1.2948717949 1.6314102564 4.4647435897 1.3454415954 0.8198005698 1.7300569801 0.8461538462 0.1018518519 0.2435897436 2.8750000000 1.0929487179 3.5929487179 0.0384615385 2.7500000000 1.1142857143 0.2051282051 1.4077425842 0.2026143791 3.0801282051 3.6948005698 1.5897435897 0.4077425842 0.8846153846 1.1915954416 1.2051282051 1.2564102564 0.3205128205 0.2820512821 0.1403133903 4.1314102564 1.1948005698 0.7142857143 1.4262820513 0.4223646724 0.7714285714 0.6570512821
Case #28: 1.9194444444 37.0986842105 1.8500000000 1.2250000000 27.6666666667 2.0250000000 3.6944444444 29.5824561404 39.3943661972 37.4930504077 0.0657894737 29.5166666667 66.8751031992 44.1176470588 29.7916666667 2.1944444444 3.6800000000 3.5200000000 44.3943661972 1.4800000000 0.1176470588 2.3138106416 54.0000000000 1.3200000000 37.3943661972 67.1518223375 44.0000000000 3.7600000000 37.0000000000 0.5194444444 0.2163312693 27.6666666667 29.6916666667 0.0694444444 1.2944444444 37.1176470588 3.6250000000 3.3200000000 37.4601556709 0.0986842105 8.3333333333 37.0657894737 0.3943661972 8.3991228070 29.7574561404 2.2443661972 31.2916666667 39.1176470588 68.4751031992 0.4500000000 68.3574561404 18.6666666667 2.1250000000 39.0000000000 0.2000000000 68.7518223375 0.1250000000 27.7324561404 54.1176470588 2.2931286550 3.6400000000 1.5976470588 64.8501031992 2.2236842105 29.8903508772 65.1268223375 31.3574561404 37.1834365325 64.7324561404 3.6400000000 66.7574561404 18.7324561404
Case #29: 0.8746483402 24.0000000000 2.0810810811 0.2432432432 1.0000000000 4.1469572339 0.6823406479 5.0926600582 2.0658761528 1.8378378378 0.7500000000 3.8648648649 1.2277951933 3.2277951933 26.0810810811 0.8484848485 25.8378378378 0.3793103448 4.7133497133 5.9307410177 2.0000000000 2.0000000000 0.1923076923 0.1621621622 0.6000000000 3.3088762744 2.8484848485 24.1621621622 4.0658761528 4.3088762744 25.0000000000 3.4500000000 1.0917280917 0.3030303030 2.6863226863 1.2173913043 26.0000000000 24.5945945946 5.1469572339 24.2432432432 1.7500000000 0.5945945946 1.4710384366 1.3445945946 1.7127292997 0.4953379953 1.5204216074 2.9295659296 3.0810810811 3.9037139907 2.8310810811 3.9295659296 27.8648648649 0.7500000000 2.5878378378
Case #30: 0.1311475410 0.1639344262 3.5000000000 1.0076844262 8.5714285714 6.4060714286 5.8125000000 8.0998975410 10.8926785714 0.5686475410 0.4375000000 5.6875000000 0.4281079235 5.8186475410 9.6560714286 0.6014344262 4.3811475410 0.0400000000 5.9285714286 5.9764344262 9.6160714286 6.3660714286 8.6114285714 5.7857142857 3.8186475410 5.9685714286 0.1147540984 3.6875000000 8.7142857143 10.8526785714 5.8475722092 0.4062500000 1.6875000000 7.9687500000 5.9836475410 1.7275000000 0.4390368852 5.8075722092 0.0218579235 2.9375000000 5.8525000000 6.0164344262 3.8514344262 0.5701844262 2.2812500000 5.9436475410 5.8257142857 5.8514344262 4.2500000000 3.6250000000 0.0327868852 8.1326844262 5.8585011710 5.8185011710
Case #31: 0.8461538462 1.1944444444 3.4722222222 1.4444444444 77.0000000000 5.1000000000 1.3214285714 0.6944444444 98.0653594771 5.8000000000 4.0000000000 98.0000000000 1.8611111111 2.4722222222 2.5333333333 0.0653594771
Case #32: 2.4054054054 6.9987373737 4.0417690418 4.6756756757 0.1805555556 0.2500000000 6.8181818182 1.6363636364 1.9459459459 3.5823095823 6.3120393120
Case #33: 0.2500000000 0.3333333333
Case #34: 1.1250000000 6.4000000000 1.3333333333 9.8000000000 0.4965517241
Case #35: 1.0168803419 0.3846153846 0.3307692308 0.4782608696 1.2500000000 2.7500000000 0.4168803419 0.5128205128 0.0434782609 0.1000000000 0.7086956522 0.7807692308 0.4250000000 0.1500000000 0.4615384615 0.3076923077 0.5341880342 1.9444444444 1.1304347826 0.5384615385 3.1944444444 2.0555555556 0.2000000000 1.1668803419 0.8750000000 2.9000000000 3.3055555556 0.4750000000 1.8500000000 0.9807692308 2.9166666667 0.3500000000 0.8918803419 0.4230769231 0.5500000000 2.9500000000 0.6836956522 1.0250000000 1.6666666667 0.8250000000 0.7500000000 0.7948717949 0.6666666667 1.6500000000 0.5128205128 0.9057692308 0.3418803419 0.6086956522 0.1538461538 0.6956521739 0.1111111111 0.4418803419 1.0918803419 0.1500000000 1.7000000000 0.6750000000 0.7826086957 0.2307692308 2.5833333333 0.0750000000 1.0557692308 0.7826086957 0.4750000000 3.1000000000 1.3333333333 0.2000000000 0.3807692308 0.3057692308 0.4500000000 0.0555555556 1.5000000000 0.7250000000
Case #36: 1.9032258065 1.6857142857 1.7428571429 5.3312655087 5.7241758242 2.9032258065 3.3561827957 1.4857142857 2.7142857143 0.1250000000 2.2571428571 1.2857142857 1.4571428571 1.9631336406 2.3750000000 1.0000000000 5.2540322581 2.1250000000 4.8147465438 3.1634615385 6.9397465438 1.3750000000 2.3428571429 1.1666666667 0.0833333333 4.6129032258 5.9045698925 1.5714285714 0.6774193548 1.9690860215 4.2862903226 2.4166666667 4.1217948718 3.9615384615 1.2916666667 1.9285714286 2.6875000000 4.6538461538 2.4857142857 3.4529569892 4.4206989247 2.1612903226 6.1064132104 2.0645161290 4.5000000000 3.1217948718 6.5241758242 4.4147465438 5.7259615385 2.4852150538 3.1290322581 2.2500000000 3.0384615385 4.0384615385 1.1935483871 4.1948924731 4.1889400922 6.1004608295 4.9670329670 3.4470046083 5.0282258065 1.5000000000 0.8333333333 4.0000000000
Case #37: 0.0201342282 2.7826086957 0.0810810811 2.4137931034
Case #38: 14938740.7693717554 13980052.1743100286 25488471.5334874764 15895554.6544677075 15921725.2109530624 14733276.1317568365 4944209.9651750270 5516988.2444637297 4141581.5940100150 6571588.6036224049 1948354.4489996999 13558973.4694985859 25872711.6322003752 10221565.7015980724 14716927.6373835783 14476792.4055735487 14087283.0086145867 16567718.3340953123 5471671.3249792382 16541547.7776099574 17708662.9236059673 29210119.4001008868 14117978.8016095199 18185559.8669546619 5397285.9413641533 11708182.7727868520 16927458.0933829807 14517662.0645603128 15322776.3751790039 8406030.8059608806 4562660.2988214586 12668520.7597204279 12987365.7299714200 2295047.7701960588 5543158.8009490855 5818364.6461755969 19792727.5246123187 28564126.2769586369 27553226.9055238813 13334059.0511677787 24215819.1376233697 17525114.9959869199 13230310.5661947988 1873969.0653846154 25702436.2088121474 12882485.4350451026 26056259.5598194227 15691964.7268185634 27542876.6310082003 28747674.2045776844 7150326.4586067423 11782568.1564019360 3048271.7276428672 7807081.9701868221 4856543.3734959876 14592047.4481753968 4283765.0942072850 19976275.4522313662 14502962.9620589036 6551377.6228326838 14690757.0808982234 8379860.2494755248 30168807.9951626174 13633358.8531136699 13904014.1262848452 13204140.0097094439 4215966.9776250999 15968769.4983212538 12129261.4775982946 26907233.7823816314 15868222.5014099143 21231979.7995855063 3708716.5986106093 11915296.8022736199 29393667.3277199343 2534413.9363523573 28511915.5005856119 27359328.7033891529 2955492.6411638008 27145364.0280644819 19391539.3773894534 11395868.3638563231 30352355.9227816649 10642644.4064095151 11494218.0974621773 4882713.9299813434 18369107.7945737094 16528667.3723776564 12912980.3463563360 10295951.0852131564 12631361.7304207403 17526406.9291570410 5315884.2562682666 27328911.9556835294 21048431.8719664589 17500236.3726716824 7124155.9021213865 18135835.0300353132 11568603.4810772613 2608799.3199674417
Case #39: 0.3586956522 6.9090909091 2.7272101823 0.0056179775 2.2631578947 0.4640522876 7.3731431967 1.3947368421 0.7105263158 1.7534324943
Case #40: 1.8181818182 2.1212121212 2.2424242424 0.2105263158 0.2371134021 0.2222222222
Case #41: 36000000000.0000000000 88000000000.0000000000 8000000000.0000000000 33000000000.0000000000 20000000000.0000000000 66000000000.0000000000 3000000000.0000000000 82000000000.0000000000 57000000000.0000000000 40000000000.0000000000 80000000000.0000000000 6000000000.0000000000 24000000000.0000000000 89000000000.0000000000 10000000000.0000000000 4000000000.0000000000 28000000000.0000000000 14000000000.0000000000 74000000000.0000000000 75000000000.0000000000 26000000000.0000000000 98000000000.0000000000 23000000000.0000000000 18000000000.0000000000 94000000000.0000000000 55000000000.0000000000 64000000000.0000000000 78000000000.0000000000 61000000000.0000000000 12000000000.0000000000 13000000000.0000000000 91000000000.0000000000 96000000000.0000000000 15000000000.0000000000 53000000000.0000000000 59000000000.0000000000 56000000000.0000000000 11000000000.0000000000 87000000000.0000000000 90000000000.0000000000 92000000000.0000000000 21000000000.0000000000 69000000000.0000000000 54000000000.0000000000 73000000000.0000000000 2000000000.0000000000 47000000000.0000000000 70000000000.0000000000 72000000000.0000000000 44000000000.0000000000 95000000000.0000000000 52000000000.0000000000 25000000000.0000000000 50000000000.0000000000 34000000000.0000000000 62000000000.0000000000 42000000000.0000000000 39000000000.0000000000 9000000000.0000000000 77000000000.0000000000 58000000000.0000000000 97000000000.0000000000 29000000000.0000000000 71000000000.0000000000 84000000000.0000000000 48000000000.0000000000 37000000000.0000000000 49000000000.0000000000 76000000000.0000000000 45000000000.0000000000 22000000000.0000000000 93000000000.0000000000 41000000000.0000000000 32000000000.0000000000 81000000000.0000000000 51000000000.0000000000 99000000000.0000000000 17000000000.0000000000 38000000000.0000000000 16000000000.0000000000 7000000000.0000000000 60000000000.0000000000 5000000000.0000000000 83000000000.0000000000 27000000000.0000000000 46000000000.0000000000 65000000000.0000000000 68000000000.0000000000 35000000000.0000000000 19000000000.0000000000 67000000000.0000000000 85000000000.0000000000 86000000000.0000000000 31000000000.0000000000 1000000000.0000000000 79000000000.0000000000 43000000000.0000000000 63000000000.0000000000 30000000000.0000000000
Case #42: 16.7083333333 9.3750000000 7.3333333333 16.3333333333 7.7777777778 1.1625000000 0.9710144928 15.3333333333
Case #43: 2.0000000000 6.5782051282 5.9022038567 4.3567493113 0.6198347107 2.0841204250 0.6622222222 2.8666666667 2.8888888889 3.1282051282 2.7355371901 2.5128205128 3.4642857143 3.8066666667 5.5333333333 6.8346153846 3.3846153846 6.7833333333 2.2809917355 3.1666666667 5.3333333333 3.2000000000 5.9628205128 2.7333333333 0.6666666667 3.2222222222 3.5000000000 6.4756410256 1.4642857143 4.9500000000 3.0000000000 5.1698806244 1.1900826446 3.2500000000 4.7320512821 0.5000000000 2.9531680441 3.6295749705 2.9285714286 4.7948717949 2.2644628099 3.0256410256 0.2222222222 7.9948717949 5.6244260790 2.6543683589 5.4476584022 3.7287485242 0.4400000000 2.3333333333 4.7699724518 4.4921946740 7.6855371901 4.0789715335 4.1998229044 3.3333333333 2.1652892562 1.6033057851 0.9400000000 1.2820512821 2.1983471074 3.3666666667 3.4500000000 4.4820512821
Case #44: 0.1282051282 2.0384615385 18.7884615385 1.8574660633 2.2857142857 1.8928571429 16.7500000000 1.7692307692 0.0882352941 1.7179487179 1.8846153846 0.1666666667 18.5576923077 1.8076923077 1.4853479853 3.2146089205 7.9523809524 0.5897435897 1.7857142857 7.5238095238 6.1666666667 18.6858974359 3.1263736264 0.7564102564 0.3487933635 2.0923831071 6.9166666667 16.9166666667 1.8616138763 1.9385369532 1.9358974359 9.2930402930 18.0448717949 0.2205882353 8.0595238095 7.6520146520 2.0750915751 0.8103318250 1.1282051282 0.8846153846 1.3487933635 0.7500000000 8.4523809524 1.2948717949 2.0241327300 1.6410256410 17.6346153846 1.8717948718 0.9385369532 9.3812755872 0.7179487179 1.3571428571 17.5064102564 18.6346153846
Case #45: 12.4000000000 20.9000000000 15.6491228070 13.0000000000 16.0000000000 5.8947368421 21.0403508772 14.3500000000 3.8947368421 0.3333333333 15.2724637681 6.2500000000 2.9473684211 6.6724637681 9.2631578947 12.4724637681 3.0198321892 14.4224637681 14.9333333333 0.1403508772 4.9473684211 5.2403508772 15.2000000000 8.7500000000 5.1000000000 4.5833333333 6.6000000000 9.7500000000 15.3403508772 5.6315789474 10.6666666667 10.2403508772 10.1000000000 5.5000000000 7.7500000000 16.9649122807 7.3157894737 18.4724637681 20.9724637681 5.1724637681 10.0833333333 6.7403508772 8.3333333333 15.0736842105 18.4000000000 10.7500000000 14.4903508772 0.0724637681 17.5000000000 14.3333333333 18.0833333333 15.0057971014 8.6315789474 18.5403508772
Case #46: 3.4854489164 1.0303030303 3.3380804954 1.0736842105 1.0000000000 0.9263157895 2.4117647059
Case #47: 1.0000000000 1.4363052678 1.2727272727 0.1505909821 0.2058013786 0.1857008761 1.2857142857 0.2970632971 0.1116299431 0.1168831169 0.1531531532 0.0454545455 1.3194221509 3.1948051948 0.3377598724 2.6034816248 0.0779220779 0.2208767555 2.6402463306 1.3843572158 0.1801801802 0.0367647059 3.1818181818 0.0201005025 0.1130979573 0.0568652084 0.2581022581 2.4545454545 0.1888237022 1.4233182548 0.0351758794 0.1498626632 0.1489361702 0.1520589963 2.6164686377 0.0719405853 0.0129870130 0.2987988334 1.3064351379 1.3973442288 2.4675324675 0.0337078652 2.6532333436
Case #48: 6.7916666667 7.3511904762 5.2678571429 3.7916666667 2.4583333333 9.4345238095 27.6250000000 21.0000000000 2.9166666667 1.4583333333 5.6250000000 1.0000000000 7.0178571429 3.9166666667 2.7916666667 23.6666666667 5.4583333333 0.0989583333 9.6250000000 6.6011904762 3.5416666667 24.9166666667 4.0000000000 3.8095238095 24.7916666667 7.2083333333 3.2083333333 6.6250000000 6.9166666667 22.0000000000 2.6666666667
Case #49: 0.5520833333 0.4895833333 0.3682926829 0.9880843496 9.0000000000 1.7272727273 0.0054054054 0.9568343496 9.7041666667 7.5112359551 0.9203760163 2.8727272727 0.6520833333 0.6885416667 0.5057926829 0.9464176829 0.6041666667 4.3804054054 0.3906250000 0.2375000000 1.0270833333 0.1000000000 0.7041666667 2.7727272727 0.2682926829 0.2760416667 10.0270833333 0.0112359551 7.5000000000 0.3760416667 9.1000000000 0.7197916667 8.8750000000 0.9724593496 4.3750000000 0.6197916667 0.9090909091 0.5885416667 3.4768939394 2.2272727273 3.1487689394 0.6781250000 0.1363636364 1.2953760163 0.9270833333 0.5781250000 1.7326781327
Case #50: 3.1111111111 3.8877005348 2.3714285714 4.8857142857 1.7058823529 2.8000000000 3.8926237162 2.6666666667 2.1818181818 5.2000000000 4.4285714286 0.7815126050
Case #51: 0.8461538462 0.9014880952 1.7111111111 0.8729166667 0.9500000000 1.1275559883 1.7363471971 0.3586309524 1.5277777778 1.8285714286 0.8000000000 1.4615384615 0.8967867575 0.4729166667 1.7714285714 1.4132702740 1.3340277778 1.2000000000 1.1910175268 0.8500000000 0.6285714286 0.5014880952 0.4000000000 1.3626373626 0.7586309524 1.6857142857 1.0769230769 1.9714285714 0.6275559883 0.7586309524 0.6857142857 1.4111111111 0.7363471971 1.5660175268 1.1660175268 0.5769230769 0.0506329114 0.5500000000 1.5153846154 0.0729166667 1.1153846154 0.9014880952 1.5555555556 1.4285714286 1.2000000000 0.8092638638 0.4285714286 1.8055555556 1.4166666667 1.4230769231 1.7714285714 0.2857142857 1.4737098345 1.2611111111 0.8285714286 1.2857142857 1.1403846154 0.8611111111 1.2729166667 1.4285714286 0.0250000000 1.2729166667 1.1586309524
Case #52: 0.6240981241 1.9352023106 1.6132610939 0.8333333333 1.1152450091 1.5860681115 1.5000000000 0.7147413990 2.4816821465 1.2799587903 0.7494279176 0.9661059764 2.0000000000 1.6185356439 2.5652173913 0.4008885851 1.1207729469 0.0129870130 4.0652173913 1.4166666667 1.9157217911 1.9323884578 0.3463203463 2.5000000000 0.1176470588 2.2490551244 1.5021810125 1.6206896552 0.5555555556 2.6207729469 1.0175438596 0.4860681115 0.6111111111 1.6176470588 0.5277777778 0.0833333333 2.9661059764 2.9466254569 0.5517241379 1.0000000000 1.4685990338 0.4990551244 1.3888888889 1.4018759019 0.9473684211 0.9466254569 1.2176470588 1.5343137255 1.1000000000 1.8784029038 1.5216615320 0.8980444843 0.3814080656 0.8323884578 2.5000000000 2.0681413679 2.1650154799 2.0652173913 0.5647111509 0.1842105263 1.0129870130 0.0324675325 1.3049834732 1.0650154799 0.3018575851 2.9336384439 0.5185356439 1.7936887674 0.9130434783 0.3333333333 1.4891939995 2.9130434783 1.4047186933 0.3684210526 0.1965944272 0.4736842105 2.7176470588 1.5990551244 0.8463203463 1.5125858124 1.0099818512 0.5652173913 1.0305308726 0.9310344828 1.7185242518 0.0789473684 1.7807017544 1.9027347781 1.2965944272 0.9336384439
Case #53: 0.0113636364 2.5263157895 4.3750000000 4.3636363636 1.7575757576 0.3771929825 5.7408293461 4.7000000000 5.0060606061 2.8181818182 1.1250000000 1.8295454545 1.0000000000 4.7521929825 1.2631578947 4.9188596491 4.9074960128 5.6000000000 1.2745215311 1.4222488038 6.2151515152 4.0666666667 0.3363636364 2.0000000000 5.9688995215 1.0909090909 5.8181818182 1.8181818182 1.8666666667 1.4500000000 1.1666666667 1.6969696970 5.7272727273 5.6780303030 1.2000000000 5.1575757576 5.0917065391 4.9688995215 2.6315789474 4.7408293461 3.6754385965 0.6052631579 0.1590909091 0.6754385965 6.0917065391 4.7272727273 0.9393939394 1.1515151515 1.0416666667 3.6325757576 6.1545454545 6.8181818182 5.0636363636 1.8269537480 0.3250000000 5.8295454545 3.5000000000 3.0000000000 5.8901515152 2.5416666667 1.7663476874 6.6666666667 6.8787878788 2.6315789474 0.7280701754 2.9232456140 4.7386363636 6.0030303030 0.4840909091 2.3363636364 1.7878787879 1.4613636364 2.3250000000 0.5438596491 5.8787878788 0.2375000000 5.6666666667 1.6148325359 5.3636363636 0.6140350877 0.2916666667
Case #54: 17.9166666667 8.1875000000 3.9166666667 2.1111111111 4.8734567901 2.3734567901 4.3333333333 8.3059210526 4.7067901235 3.0956790123 0.3846153846 5.1754385965 5.0277777778 5.9845679012 6.4385964912 1.4444444444 5.3456790123 2.4290123457 4.4679487179 7.8333333333 2.3611111111 0.3333333333 5.7067901235 0.8684210526 8.2796052632 8.7006578947 2.8012820513 2.9444444444 5.3734567901 0.7105263158 5.0000000000 0.0123456790 3.5277777778 3.9123931624 0.8421052632 5.3333333333 1.2631578947 19.2017543860 5.0438596491 5.9722222222 2.6111111111 19.3456790123 2.0833333333 9.3179012346 4.1875000000 4.0956790123 5.5964912281 6.3568376068 2.0000000000 20.4385964912 2.4166666667 5.0401234568 9.5427631579 3.3456790123 19.3333333333 1.2267206478 0.6666666667 5.0790598291 3.0401234568 6.6512345679 8.0401234568 2.0956790123 19.0438596491 18.3333333333 4.6944444444 3.3333333333 19.1754385965 0.2777777778 2.5526315789 5.4290123457 0.6623931624 4.5790598291 3.8888888889 5.2017543860 8.1998456790 2.7623456790 0.6790123457 2.1052631579 4.1944444444 5.4123931624 0.7816091954 4.0833333333 14.0000000000 4.2067901235 1.7105263158 6.6666666667 1.3947368421 8.1480263158 2.4679487179 7.4375000000
Case #55: 2.2000000000 3.5357142857 1.4537037037 4.0415584416 1.9393939394 1.0277777778 2.7272727273 0.7870370370 1.3142857143 0.1944444444
Case #56: 2.5000000000 1.2941176471 5.2941176471 6.0588235294 0.7058823529 0.1232876712 22.7500000000
Case #57: 0.1794871795 4.6250000000 11.9052419355 3.3125000000 1.3870967742 8.9375000000 2.2500000000 10.3245967742 2.9677419355 2.4294871795 0.2689655172
Case #58: 1.5789473684 34.8245614035 0.7500000000 0.0315789474 2.0526315789 35.9035087719 33.6666666667 0.9348245614 2.9629629630 0.6666666667 1.7550000000 33.6666666667 2.2894736842 1.5500974659 2.2368421053 1.8245614035 4.0000000000 2.0137719298 0.6716666667 1.8295614035 0.7550000000 2.9035087719 2.7777777778 33.0000000000 2.2506140351 0.2631578947 1.3736842105 1.3421052632 2.5555555556 29.0000000000 2.1481481481 33.3333333333 1.2559339525 1.1578947368 0.0050000000 2.0087719298 1.5185185185 2.0453508772 2.0403508772 27.0000000000 3.1111111111 0.9298245614 0.0980392157 2.7827777778 3.0370370370 2.2456140351 1.7500000000
Case #59: 3.1153846154 2.4615384615 4.8076923077 2.9047619048 0.8095238095 4.7307692308 3.0384615385 2.3846153846 2.0270270270 0.0769230769 2.4000000000
Case #60: 2.2287581699 6.3352941176 3.8571428571 1.1428571429 2.1470588235 2.0000000000 9.6882352941 5.6000000000 4.0336134454 4.0882352941 7.7470588235 3.1428571429 0.7352941176 0.2287581699 0.1764705882
Case #61: 345964.6436781609 4253145.9491133541 1464992.8282981406 3318373.2782387924 19716087.1685393266 2273820.8387181656 19270770.2247190997 19319406.0224719085 1460742.5696774509 3670416.2738556219 19913681.0449438207 3305603.4515912281 19175532.8079568893 2791064.0448154821 19537938.0730337091 2795138.0351075027 19250438.0505617969 3123723.0575680728 1563762.8174683985 2240538.3027460091 19270677.7471910119 3098858.1684053270 2176584.2635072935 3389729.6812322936 2457238.8055708678 1325914.0651726546 3702336.7852614736 2410321.6699389638 3320857.8154880763 1524845.5632183908 2586100.5655222894 2032675.4693861238 1593854.5882495618 1625775.0996554131 19721721.5561797768 3309959.9160377532 19807642.9662921354 19420910.2327184044 3289733.4268322936 19445394.3146067411 19462065.0786516853 1623383.5367031700 19545421.0561797768 14290.8850574713 19783736.3089887649 2615629.5139758978 1088210.3218390804 2735503.0520188101 19244948.2640449442 19293746.7587917708 19668219.9719101116 2635506.7976188101 19421593.8539325856 19421288.1853932589 19391381.2842647955 19265584.9662921354 3023726.8031680728 19974110.9595225304 19608788.0000000000 19298183.7415730320 3469042.0225615394 19164308.0561797768 2118747.4682862842 3168830.2407800211 4394275.6243710853 19171437.6011235937 19395110.0617977530 2876220.4423433305 19149187.6516853943 19476447.2696629204 2061117.1810330669 19520069.7808988765 19385249.4269662909 19296781.7808988765 19207933.1123595499 3358136.5470514982 3198854.4228053270 19219280.8258426972 19476842.2752809003 19283344.8826466911 3541554.5139042004 19648685.7584269680 2976216.6967433305 19478855.9719101116 19423301.7956706472 19311177.1348314621 19395634.7022471912 19289742.7977528088 3324854.0110793416 19734483.6629213467 19536419.3483146057 860304.9425287356 3297315.7100522006 19510899.5056179762 19402264.5112359561 2618021.0769281411 3699945.2223092304 2317713.9387650257 2088376.6308940335 1703560.2657254941
Case #62: 17999999982.0000000000 25499999974.5000000000 10499999989.5000000000 17499999982.5000000000 999999999.0000000000 14499999985.5000000000 41999999958.0000000000 9499999990.5000000000 1499999998.5000000000 7999999992.0000000000 48999999951.0000000000 33499999966.5000000000 12999999987.0000000000 3499999996.5000000000 29499999970.5000000000 37999999962.0000000000 11499999988.5000000000 46499999953.5000000000 2499999997.5000000000 40499999959.5000000000 29999999970.0000000000 19999999980.0000000000 45999999954.0000000000 22999999977.0000000000 13999999986.0000000000 23499999976.5000000000 15999999984.0000000000 20499999979.5000000000 35999999964.0000000000 23999999976.0000000000 37499999962.5000000000 5499999994.5000000000 499999999.5000000000 6999999993.0000000000 39499999960.5000000000 44499999955.5000000000 4499999995.5000000000 18999999981.0000000000 49499999950.5000000000 6499999993.5000000000 32999999967.0000000000 7499999992.5000000000 38999999961.0000000000 21499999978.5000000000 31499999968.5000000000 48499999951.5000000000 22499999977.5000000000 40999999959.0000000000 20999999979.0000000000 24999999975.0000000000 8499999991.5000000000 30499999969.5000000000 42999999957.0000000000 47999999952.0000000000 39999999960.0000000000 28999999971.0000000000 12499999987.5000000000 35499999964.5000000000 38499999961.5000000000 26499999973.5000000000 47499999952.5000000000 24499999975.5000000000 36499999963.5000000000 16499999983.5000000000 25999999974.0000000000 9999999990.0000000000 45499999954.5000000000 42499999957.5000000000 13499999986.5000000000 30999999969.0000000000 3999999996.0000000000 16999999983.0000000000 15499999984.5000000000 41499999958.5000000000 34999999965.0000000000 46999999953.0000000000 11999999988.0000000000 5999999994.0000000000 28499999971.5000000000 4999999995.0000000000 26999999973.0000000000 8999999991.0000000000 43999999956.0000000000 33999999966.0000000000 2999999997.0000000000 10999999989.0000000000 14999999985.0000000000 34499999965.5000000000 1999999998.0000000000 18499999981.5000000000 27499999972.5000000000 43499999956.5000000000 31999999968.0000000000 27999999972.0000000000 36999999963.0000000000 32499999967.5000000000 19499999980.5000000000 44999999955.0000000000 21999999978.0000000000
Case #63: 0.2621951220 1.2222222222 0.2362637363 2.7931034483
Case #64: 0.1421319797 3.1682189362 2.6670811802 7.3333333333 1.3446895245 9.0260869565 80.7925696594 9.0463915250 2.4950731562 3.0260869565 3.2413793103 0.7586206897 70.0000000000 4.4285714286 0.6715437444 2.8965517241 13.0278637771 0.1682189362 2.7647058824 79.0000000000 80.2631578947 2.6206896552 0.4827586207 0.0203045685 0.6976307009 3.1682189362 0.9411764706 83.0278637771 4.8000000000 1.3186025679 3.6160990712 0.0812182741 2.2068965517 2.4396284830 3.1421319797 7.5294117647 3.0000000000 2.5211601127 74.4285714286 2.9068378620 4.3446895245 9.0000000000 7.0000000000 2.7907928389 10.7925696594 2.6467766117 3.0000000000 0.5294117647 3.0463915250 1.1764705882 0.1073052306 4.2631578947 2.8110974074 4.0278637771 4.0539507336 1.7925696594 9.0000000000 3.6976307009 2.3529411765 1.2631578947 3.1073052306 6.1682189362 0.6315789474 10.2631578947 9.6315789474 0.0463915250 11.4396284830 9.3529411765 10.4285714286 0.0260869565 10.0000000000 80.4285714286 81.4396284830
Case #65: 0.3333333333 0.2500000000
Case #66: 3.8940659341 15.6340659341 8.6340206186 6.5530303030 0.1340206186 16.6000000000 1.2911392405 5.3006872852 2.3076923077 8.5000000000 0.7974683544 1.1590909091 0.5327547958 1.0253164557 15.1824175824 3.1648351648 7.2000000000 11.5000000000 0.9113924051 5.1666666667 16.1054945055 1.6363636364 2.9600000000 1.5824175824 3.3600000000 3.5227272727 15.6000000000 0.9340659341 1.2278481013 2.7032967033 13.6000000000 7.9000000000 2.6022727273 14.5340659341 4.7094052339 6.4393939394 0.3987341772 2.5054945055 5.2676923077 16.2824175824 1.5227272727 1.7494052339 2.7362933458 5.6666666667 0.0063291139 4.5424175824 1.6153846154 15.3494052339 15.2153846154 0.3797468354 14.7000000000 4.9166666667 6.0757575758 4.5753846154 8.4393939394 1.6800000000 0.7500000000 2.4567932068
Case #67: 0.2678571429 4.8900000000 3.5250000000 5.3437500000 3.0937500000 3.8000000000 4.0900000000 4.7986925287 0.0900000000 9.2337500000 3.1837500000 5.9837500000 4.6837500000 2.9837500000 0.5937500000 2.3125000000 1.7000000000 3.4025000000 5.4337500000 3.3125000000 7.3400000000 6.0986925287 8.4337500000 2.2937500000 0.1149425287 1.5678571429 1.5000000000 1.9678571429 5.4837500000 1.0000000000 3.0900000000 4.2500000000 7.2025000000 8.5486925287 4.3437500000 6.4025000000 1.8937500000 1.1250000000 0.5500000000 0.8000000000 2.0000000000 4.0178571429 3.2049425287 1.7678571429 3.0000000000 1.0900000000 3.1149425287 4.3400000000 1.1437500000 1.3000000000 3.7500000000 4.2049425287 0.3988095238 1.6837500000 3.8900000000 7.4549425287 2.8937500000 3.0428571429 2.7750000000 8.1400000000 2.0937500000 3.2500000000 1.5937500000 1.3928571429
Case #68: 1.5531635802 0.3236559140 1.3062500000 0.7781635802 0.2903225806 1.1507575758 7.0588495575 1.1596071333 12.0000000000 1.1062500000 1.4193548387 18.2500000000 2.5757575758 1.9812500000 6.2588495575 1.4500000000 7.0250000000 1.0250000000 0.7333333333 0.2469135802 1.3507575758 0.3333333333 19.1250000000 0.6000000000 0.2333333333 1.7419354839 1.1150995575 0.5757575758 0.0333333333 19.7000000000 1.2121212121 19.0250000000 7.1750000000 2.0000000000 0.5838495575 8.2500000000 0.5806451613 1.3556451613 6.2500000000 0.2991721382 2.5312500000 1.5781635802 0.8750000000 0.5666666667 1.6007575758 7.0500000000 1.3531635802 7.1338495575 8.2588495575 19.0500000000 0.7750000000 7.0000000000 1.5056451613 1.3757575758 1.4062500000 1.4590347924 0.5750000000 1.6531635802 19.0000000000 7.0338495575 7.7000000000 1.3666666667 16.0000000000 7.7088495575 0.8064516129 1.5562500000 7.1250000000 1.8031635802 1.7752688172 0.0088495575 2.7781635802 0.8000000000 0.5312500000 7.0088495575 19.1750000000 0.9250000000 1.3312500000 1.2258064516 1.3620131378 4.0000000000 7.1838495575
Case #69: 4.6500000000 1.5000000000 2.5289473684 1.5789473684 1.1733333333 6.2456140351 10.1428070175 1.1333333333 7.1956140351 3.4500000000 0.0400000000 4.6666666667 0.9000000000 1.2336477031 2.3500000000 0.6250000000 6.1052631579 3.0656140351 0.0231213873 4.4333333333 1.1000000000 14.4228070175 3.1761403509 10.7719298246 2.3666666667 3.7105263158 1.3666666667 4.9039473684 8.5894736842 2.3750000000 3.7336477031 0.9500000000 5.1644736842 1.0000000000 9.7561403509 0.0225563910 6.4919298246 3.9539473684 1.1958897243 3.0000000000 3.9228070175 2.9156140351 1.3500000000 4.0000000000 3.6086477031 4.0789473684 2.3731213873 2.5000000000 3.5855263158 0.0625563910 2.6789473684 5.4000000000 6.9666666667 2.7894736842 6.2978070175 7.4561403509 8.4500000000 5.8771929825 0.3866666667 1.9656140351 9.5000000000 5.2894736842 1.2105263158 5.0289473684 5.9003143697
Case #70: 17766965.7728790604 7696707.2906517452 20969277.9744783193 22588651.4751220085 18227972.2159170359 12626570.2523809671 24501749.0573787540 32256822.0593639538 24422686.1673193239 25403164.6828229390 17267115.6291300133 12174071.5461304318 25405865.0751770623 20962908.0553790219 29149559.2780807205 32697231.2417701632 10785233.5892798789 3109451.4680845966 1530480.5309454943 19910440.6299892664 590559.4932885906 6646894.6859063786 30482727.2320295200 16166713.8625568729 28709150.0956745110 27666649.9294407442 17326556.5904728509 1117063.0050379378 18923251.8420839533 26323227.9703884125 24840318.6217484362 29613266.1134728193 15262597.8447585646 11689349.6070781872 22452187.3231182955 22913193.7661562711 26490084.9156030789 29610565.7211186960 22011778.1407120861 12629270.6447350904 8636628.3283086494 27100897.0124520659 11725154.6269367822 10682654.4607030153 23553225.0487626232 15703007.0271647740 23459248.8911449872 29168295.7607358210 5067923.7487672763 33160938.0771622621 26786934.8057805113 22062147.9633726589 22794292.4893540703 16855853.0938001983 23641118.9005117640 7658386.0062309084 16284056.4242390841 14833578.4731368087 21413222.7587506212 12343607.5564701427 5594427.2605166230 31214321.8931301869 28536111.0479974449 18230672.6082711592 14307074.9613874611 15886045.8985265661 25882818.7879822031 16164013.4702027496 12170631.5435609650 14238030.2918447182 11686649.2147240639 26784234.4134263881 19345824.0104668662 16214648.2037402578 20093446.9368223213 29578611.2142312117 13396074.9818599001 7131882.4944815617 6569229.5800248962 30019020.3966374211 19383937.1182399169 8710853.4316206649 19040979.5114325657 14220097.6785247978 22915894.1585103944 20726893.7410703152 30480026.8396753967 24942158.2397849634 11817104.0447207950 2169530.4304276928 33158237.6848081388 15688144.6919909101 9742733.4230461121 11225642.7716860883 18514475.9996832162 12165563.8093429916 25620623.7970463783 2056984.0426948415 5629308.5423679920 10106672.7978466786
Case #71: 0.2883928571 23.3793019481 22.2305986696 16.3062500000 6.8181818182 16.0512820513 7.0909090909 22.5189915268 0.0487804878 0.2687500000 0.2437500000 23.1244318182 22.4880681818 0.6073863636 0.0250000000 6.1818181818 22.4702110390 16.0000000000 22.1818181818 7.9090909091 22.2331002331 0.0512820513 23.0994318182 23.1065746753 22.5118486696 11.7655677656 23.0909090909 0.3636363636 16.2883928571 22.8181818182 22.5368486696 22.4630681818 17.1974837662 11.9955357143 22.8694638695 11.7214285714 0.3062500000 11.7142857143 0.9090909091 23.1421911422 17.1903409091 11.9651785714 16.2812500000 0.6448863636 16.9603729604 11.7727106227 0.0071428571 23.3721590909 12.0205357143 22.2818807209 0.2812500000 6.2305986696 16.9090909091 17.2153409091 0.2508928571
Case #72: 6.6893208504 8.1111111111 0.3802360625 5.0394391128 2.4065015480 4.7565035129 4.9186602871 6.5657549022 6.6775561445 4.2870813397 2.4568992815 4.3660287081 2.5526315789 4.8660287081 4.4604917443 7.4963383942 0.4022395106 4.7682682188 4.1818181818 0.8576209309 5.1512403550 2.1315789474 4.6447022707 0.1015625000 6.6893208504 5.1973338496 5.2090985555 4.7462647707 0.1235659481 6.3923444976 3.0263157895 5.0239234450 0.7523577730 0.6578947368 4.5722929866 5.1630050609 4.4712918660 6.6775561445 5.0356881509 6.6673174022 0.1118012422 6.2870813397 0.1842105263 0.5789473684 4.7607655502 2.1052631579 0.9328676415 2.3450980392 6.9173910258 7.1016015521 1.0381307994 6.5657549022 0.7486068111 0.1734104046 0.5789473684 0.7368421053 4.9341759549 0.1052631579 4.9304249930 2.3947368421 4.5840576925 4.7607655502 0.2749729046 2.7355728440 5.3106610555 4.5620542443 0.2969763527 0.2852116469 2.3333333333 5.3091350918 6.6673174022 0.3904748048 6.3923444976 2.6303096861 5.2988963496 2.1052631579 4.8660287081 0.0117647059 0.2786735625 0.7594572368 6.2870813397
Case #73: 33.5000000000 0.1148648649 82.7888888889 82.8101654846 82.9046099291 33.5212765957 1.3333333333 0.2888888889 1.9333333333 82.8833333333 82.5212765957 0.3833333333 82.5000000000 1.7166666667 1.6222222222 0.0212765957
Case #74: 0.2222222222 1.7088583429 0.4583333333 0.0051546392 0.0298507463 1.2777777778 1.3225806452 1.1162657503 0.0140845070 1.7777777778 0.2713121147 1.8217130311 0.9259259259 0.0138888889 0.4881840796 1.0854063018 0.5022685866 0.0439352533 0.2414613684 1.2954772198 1.1111111111 0.0714285714 0.2661574755 1.3870967742 1.3076285240 1.7037037037 0.7395281656 1.1709193803 0.0855130785 0.6296296296 0.7096774194 0.2273768614 0.6347842688 0.6666666667 2.9328241422 1.0461469534 2.9187396352 1.7520729685 0.2363067293 0.6965174129 0.5736971581 1.0994908089 1.0000000000 1.3217130311 1.2258064516 1.8076285240 0.5598082692 1.0555555556 0.4883796978 0.6486731577 1.7222222222 1.7661574755 1.8375860470 1.0322580645 0.1153638247 1.3931416025 2.8888888889 1.0051546392 0.6807511737 0.4444444444 0.6435185185 3.0042527136 1.2903225806 0.4742951907
Case #75: 6.6065109696 5.1620665251 6.0000000000 2.1111111111 2.5789473684 9.9473684211 9.4953998585 2.5292162836 2.2608695652 0.6086956522 13.0526315789 10.6299027824 2.1052631579 4.5789473684 4.3750000000 7.0526315789 13.3026315789 4.0000000000 0.9130434783 9.9983238351 5.1111111111 13.1035869930 6.2500000000 11.3703998585 6.0509554140 10.5789473684 2.0434782609 3.9130434783 0.9930434783 6.5555555556 4.1620665251 3.9473684211 1.8750000000 0.8947368421 0.0800000000 7.0526315789 9.4444444444 4.1111111111 10.8289473684 3.5789473684 1.9259554140 0.0509554140 4.1250000000 2.4782608696 4.6589473684 5.2500000000
Case #76: 1.5000000000
Case #77: 0.4090909091 2.2651515152 3.6268536428 1.0000000000 3.6117021277 12.8333333333 6.8000000000 6.9129032258 1.4285714286 1.8571428571 2.0162337662 0.1129032258 2.4166666667 7.6808510638 0.7553191489 8.3617021277 14.3484848485 0.6808510638 0.6276595745 15.7651515152 2.7234848485 1.1022649279 7.0000000000 3.0876623377 7.8333333333 1.4166666667 7.5106382979 0.5106382979 1.9879032258 7.2021276596 5.6666666667 8.0000000000 14.8068181818 1.3617021277 2.1719858156 1.6187943262 2.6785714286 0.4583333333 1.6071428571 0.2021276596 2.0975177305 2.7783687943 0.8484848485 1.8750000000 2.6428571429 0.4088050314 1.0357142857 13.5000000000 13.9090909091 2.8363880743 1.3068181818 2.7557603687 7.7553191489 0.9893617021 2.2500000000 8.2421383648
Case #78: 7.6170411985 7.3846153846 9.2970411985 6.6538461538 1.6800000000 3.6538461538 9.0000000000 3.2258064516 0.0337078652 6.0337078652 3.6875540190 2.7419354839 6.0000000000 9.2633333333 0.0636363636 3.2894428152 7.5833333333 5.8461538462
Case #79: 1.0000000000 7.0072992701 0.0684931507 1.4285714286 7.1579842016 0.1506849315 9.6400000000 6.1506849315 7.0769742397 9.7969742397 0.0291970803 6.0000000000 0.7913663560 7.1861713200 0.7850770479 7.0291970803 7.1569742397 6.9200000000 0.7284028111 0.0072992701 0.5777178796 4.1666666667 2.3333333333 5.1014186841 0.9420512875 0.5714285714 0.7840670860 0.3809523810 6.4250770479 9.7906849315 4.9444444444 5.2577777778 2.4800000000 0.7777777778 2.7850770479 7.1798820118 7.1506849315 8.6306849315 0.4769742397 3.6977777778 2.7777777778 7.8644444444 1.0072992701 6.9444444444 6.3262893082 7.0000000000 3.6400000000 0.9200000000 4.5000000000 0.3333333333 0.2380952381 4.9507337526 0.1569742397 0.3262893082 2.4285714286 3.3809523810 6.3200000000 0.9347520175 6.1569742397 3.7777777778 5.2650770479 0.3200000000 9.4244444444 8.4800000000 3.7050770479 6.4177777778 8.6369742397 7.9444444444 0.0062893082 1.0291970803 7.1642735098 7.0706849315
Case #80: 0.1489361702 1.2000000000 0.2745098039 0.3846153846 0.2307692308 0.1023622047 0.7527472527
Case #81: 0.1421926910 5.3461538462 0.6313269494 3.8076923077 5.3529411765 0.2941176471 3.5294117647 6.9064856712 1.4358974359 4.6153846154 0.3589743590 1.6923076923 1.7179487179 1.7435897436 0.1279069767 2.3846153846 2.4871794872 1.7647058824 0.1791890280 4.6538461538 0.9487179487 2.3333333333 2.3461538462 0.4220246238 2.3989010989 5.4705882353 0.0512820513 4.1764705882 0.0142857143 0.3372093023 3.5000000000
Case #82: 4.8500000000 3.5000000000 9.7000000000 0.0959595960 8.8181818182
Case #83: 2.6052631579 1.2953781999 0.8314606742 0.6624469375 0.1985294118 0.4639175258 10.0000000000 12.6052631579 19.4000000000
Case #84: 0.0588235294 2.2068965517 7.5203619910 2.1250000000 1.6562500000 0.0625000000 8.5000000000 7.4615384615 3.6562500000 10.7068965517 2.1838235294 8.0000000000
Case #85: 38755183.5367347375 38978163.7121078745 44888020.4953991324 36392558.5292925760 42146299.8843566775 24912983.5919736549 34126548.7264771312 32610436.0737223104 43460214.6698164567 38284939.8912540972 22714484.0156725161 36099662.7050501481 33186966.6232605353 33892554.0850205943 21991467.5075595342 42031022.3487355262 32531198.5361899957 35488937.0807800367 41834762.1713957489 30071814.3142528906 35115770.9135329872 43942840.0557439625 42206895.5331704915 14443085.7990471385 39233603.8025670648 20475354.8548047133 42689520.9190979972 34609174.1124046370 16805710.8064893000 44981925.6590098515 33599658.2607781664 46895857.6983966380 35265956.9054068998 44405395.1094716266 23088150.8638904206 32270313.8905540295 15996525.5632820614 37615775.3578049690 26521992.0341112390 33754415.3647023886 47894621.7407994643 36478159.2678358927 37756419.4943319112 44033261.7476968840 32238302.7119475678 39646295.4400846958 23746649.4342528917 23130875.6864892989 35971562.4667075425 14634137.2089791596 41147535.8419538513 45950677.2587414682 22055985.4453100450 35116803.7190052941 19164661.7355308644 42124927.5123462453 24999968.5708988570 37979399.6697050482 14150189.9748047143 15666302.6275595352 43088081.3080417141 32903331.8979647383 45037623.5941358581 13118024.5562243387 35100898.6626473218 33479862.4475029632 36065467.6303182617 20196827.1541112401 43196117.7202263474 23967803.1523184814 44449436.8568723127 44697358.1220955029 46949441.3011442944 35748582.2913344055 23353855.8618624359 36255179.0924627557 33385957.2838922441 35393794.4868897498 35842487.4549451247 45696122.1644983292 34893823.5436321571 25945149.0105540305 41548396.9628080204 41176263.6010332778 44038859.5517330319 38657073.2530288398 36617011.3154021427 34703079.2760153562 13410920.3804667629 33093061.4596498162 44036745.2193546817 17028690.9818624370 39139698.6389563456 42783426.0827087164 15773545.3879089244 29413315.7438904196 31325133.4508988559 20768250.6790471375 45394617.2965274826 42537619.1498638764
Case #86: 39.5000000000 2.4516129032 4.4193548387 49.0000000000 42.0000000000 48.0000000000 62.0000000000 51.7419354839 42.0000000000 4.1290322581 2.1612903226 67.1612903226 38.0000000000 4.5000000000 27.1726618705 2.6774193548 5.1612903226 38.5000000000 62.0000000000 27.0000000000 2.7419354839 35.0000000000 2.9677419355 18.0000000000 0.1726618705 5.0967741935 37.5000000000 36.0000000000
Case #87: 17.4000000000 7.5357142857 9.1428571429 6.9285714286 2.1326530612 4.7000000000 2.0000000000 7.4642857143 0.6326530612 1.5000000000 2.6326530612 15.7000000000
Case #88: 13.5889534884 3.4838398982 2.4624505929 0.0068965517 4.8750000000 11.5250000000 0.8260869565 0.8894927536 0.8081395349 5.6250000000 5.3125000000 1.6363636364 1.8260869565 0.6744186047 6.2760476904 1.0755813953 3.4624505929 3.4769433465 9.5590062112 6.2546583851 5.4624505929 7.3416149068 0.8750000000 12.7125000000 4.1250000000 6.0000000000 8.2546583851 7.4000000000 6.0068965517 3.8260869565 1.8474762619 2.9130434783 3.8260869565 0.0144927536 0.8963893053 4.5494071146 6.7667984190 0.0213893053 0.8255813953 0.5639534884 8.2750000000 13.0250000000 1.8405797101 4.4285714286 0.0232558140 0.8197674419 6.2691511387 0.1030927835 0.9534883721 2.4545454545 5.2546583851 6.1889534884 5.1304347826
Case #89: 7.1948051948 0.8235294118 1.0000000000 3.2857142857 1.1515151515 3.9090909091 28.0000000000 1.3636363636 4.6493506494 0.1219512195 0.3734939759 4.4372294372
Case #90: 31.5000000000 33.0000000000 50.0000000000 0.2771084337 1.0000000000
Case #91: 0.1363636364 0.1363636364 2.4516129032 2.6818181818 5.9658444023 5.5641711230 8.7500000000 7.7500000000 3.6774193548 12.6491935484 0.0852713178 0.9545454545 1.6363636364 0.0454545455 1.8709677419 4.3529411765 2.4545454545 14.2298387097 14.3266129032 4.5000000000 14.1048387097 7.2500000000 3.0187165775 1.0000000000 2.3548387097 12.5241935484 2.6129032258 9.3863636364 14.3629032258 7.7954545455 2.8823529412 14.4879032258 10.4318181818 0.2258064516 15.4274193548 3.0645161290 2.8750000000 0.7741935484 11.9992668622 10.2045454545 3.0187165775 1.2903225806 14.9395161290 14.2016129032 14.8145161290 11.8750000000 3.3529411765 11.7500000000 4.2492668622 3.8368983957 15.5524193548 2.7500000000 0.1250000000 13.6209677419 3.8823529412
Case #92: 0.0256410256 7.6917604893 4.6646928201 3.1002331002 2.2631578947 3.3684210526 0.9393939394 8.1052631579 2.1771561772 0.9142857143 0.6578947368 3.0361213916 3.7925407925 12.0564102564 11.4666666667 10.0000000000 5.0932642487 7.9406207827 2.5504071058 4.6903338458 11.8646928201 1.3970695971 2.0380952381 10.8000000000 1.3157894737 13.4075499630 0.0932642487 3.3076923077 5.7504071058 1.6923076923 3.2932642487 2.5000000000 7.3508771930 1.8932642487 3.2000000000 1.1515151515 2.4571428571 6.7098515520 1.4903338458 1.3714285714 6.7774747750 1.8951048951 11.8075499630 0.4848484848 2.6153846154 1.8000000000 10.8932642487 4.6791208791 2.6578947368 0.6666666667 2.6315789474 2.6578947368 1.8717948718 10.9504071058 1.2564102564 3.8421052632 12.3474767029 2.4210526316 4.7723851278 6.2361213916 5.3313594868 1.0075499630 3.9868131868 12.3218356773 10.8000000000 2.9428571429 2.1313594868 10.8256410256 10.8571428571 4.2075499630 14.1076923077 1.7412587413 2.6153846154 6.6842105263 1.4646928201 10.8571428571 1.4102564103 12.6932642487 6.6842105263 14.7142857143 0.5104895105
Case #93: 18.4000000000 2.4000000000 0.3870967742 0.5705521472 7.3333333333
Case #94: 2.6000000000
Case #95: 5.6739168877 5.4000000000 0.1149425287 3.8421052632 0.1025641026 2.3157894737 4.0000000000 9.7142857143 1.9333333333 6.7589743590 6.8739168877 3.6315789474 6.2666666667 6.4256410256 6.5405835544 6.7571428571 6.3882783883 6.4446886447 12.7405835544 3.2904761905 3.0952380952 9.0952380952 5.1052631579 1.3571428571 4.7894736842 0.1589743590 7.0000000000 5.2577996716 7.1428571429 4.1589743590 3.9473684211 3.0526315789 4.7142857143 4.1428571429 2.0923076923 6.6000000000 0.2739168877 2.2072502210 6.2857142857 3.1428571429 4.0714285714 7.1149425287 12.4666666667 4.2739168877 12.6256410256 5.1428571429 5.2202056866 5.5589743590 1.3157894737
Case #96: 12.5313472655 12.2307692308 6.3000000000 1.9880780347 10.5384615385 11.9000000000 9.7000000000 1.9000000000 7.9230769231 56.3005780347 12.2005780347 0.3005780347 0.7578125000 1.6875000000 1.5156250000 0.4453125000 3.0769230769 1.2500000000 0.5000000000 56.0000000000
Case #97: 1.7676630435 1.7142857143 4.2930402930 1.1739130435 2.1501831502 5.2573260073 6.4285714286 3.1304347826 0.8984375000 6.8644688645 4.8214285714 7.0223214286 4.4508928571 3.8571428571 0.4358974359 0.5937500000 2.0723505435 3.4819487578 0.0114942529 2.3080357143 1.8287545788 1.3928571429
Case #98: 3.1676646707 5.0000000000 12.7500000000 0.1676646707 1.2727272727 3.1818181818 6.7500000000 6.9176646707 17.1354166667 16.9166666667 0.6050420168 3.0000000000 1.1932773109 13.2857142857 0.2187500000 0.2521008403 20.6473214286 20.4285714286 3.3939393939 1.1344537815
Case #99: 3.4117647059 4.0714285714 0.2857142857 3.8403361345 0.7142857143 2.9904722452 0.0169491525 6.8991596639 0.0492957746 2.9411764706 6.7647058824 3.8572852870 2.4285714286 1.4117647059 4.4705882353 4.8823529412 3.7857142857 1.4287138584 1.2857142857 4.1176470588 0.1164021164 7.2857142857
Case #100: 12283550.1050152369 19948411.7619229518 11854658.0855316967 16628069.3767078668 3142140.5775407245 19444547.6152657941 20878384.8910377100 18510747.6095580310 3177410.6601737300 22960955.9603318274 4939281.1447499543 25647823.1450666748 6402163.4771410087 20488873.0743862800 21450880.6832482480 10070023.6122761443 2744788.2709181784 5674558.5270990394 18322587.8037087098 26999835.2290666737 6004036.5739026917 4282168.5273923734 10502646.0015316959 5873081.1504577165 14399457.2161045261 29630282.6018607914 2455778.9468418621 6252330.4872018527 16681442.4292192832 6533118.9005859839 5846757.2698871223 20678970.7472170703 11422035.6962761451 20517080.6775404848 27730394.2143607922 5070236.5681949295 10160601.1200144552 28899723.6165666729 19115069.5684621409 9514617.4050222579 8808589.0360144544 23879851.3974315375 4988196.8964001779 14928539.5427878182 18588984.6868862808 12585217.0708258152 6834785.8663965603 11597188.4743163772 17210524.7559025735 23297396.0182368308 23641490.0770842209 11552991.1197211202 15747642.4235115200 16351964.3824156299 4611646.5741960267 5950663.5213912763 22416969.0650404841 5264301.8906924147 6305703.5397132682 20222476.1912087090 27547711.5325666741 2189382.0636642920 14346084.1635931097 23021291.0239445940 19391174.5627543777 13553149.5496797450 12152594.6815702617 4383874.9374960680 18596399.6779229529 2875743.6943631545 24993502.1610842198 4558273.5216846112 25724061.1463783383 16316254.7357262559 10866629.4890222587 3443807.5433513001 1483353.6946564885 13819546.4328573160 1749750.5778340586 10200979.0357211195 21121402.6364445947 5140728.9008793188 19973629.9419490844 5543603.1036540642 3011185.1540957484 5976225.4929096159 5371903.5340055060 5317674.9432038302 13465657.2103967629 21979963.0099315383 22230396.9750377089 11271164.3365649879 16582651.6189038269 14069979.1693008728 21397507.6307368316 11537561.2197425589 23350769.0707482472 10891160.1053085737 3677846.5684882640 5819708.0979463011
