100
11 5 16 5 0 0
3 1 3 2 2 0
3 1 3 2 1 0
2 1 5 1 1 1
92 1 24 46 0 4
91 1 95 45 0 1
95 1 24 50 0 4
93 1 94 47 0 1
96 1 95 48 0 1
88 7 48 60 0 0
90 1 96 45 0 1
7 1 93 3 4 2
60 5 81 24 1 4
41 1 61 20 4 5
92 1 98 45 0 1
95 1 92 46 0 1
2 3 47 26 1 2
28 5 50 7 0 0
22 1 10 89 1 21
91 9 59 44 1 12
100 1 32 53 0 3
99 1 46 48 0 2
52 2 91 28 12 6
100 1 47 49 0 2
93 1 93 45 0 1
98 1 97 49 0 1
46 3 93 6 1 4
61 1 88 64 2 26
96 1 30 51 0 3
92 1 19 23 0 0
100 1 31 53 0 3
99 1 93 48 0 1
48 1 87 25 3 1
91 1 90 45 0 1
92 1 49 47 0 2
92 1 99 45 0 1
100 1 95 49 0 1
100 1 23 54 0 4
45 1 51 20 3 2
93 1 100 46 0 1
98 1 96 50 0 1
96 1 97 47 0 1
63 2 7 62 1 8
93 1 91 46 0 1
98 1 45 49 0 2
91 1 97 45 0 1
97 1 92 48 0 1
99 1 94 49 0 1
99 1 23 49 0 4
8 1 17 48 8 37
92 1 93 45 0 1
84 1 36 41 2 9
99 1 46 50 0 2
100 1 95 51 0 1
90 1 100 46 0 1
93 1 99 47 0 1
96 1 95 47 0 1
4 1 23 78 2 30
98 1 98 50 0 1
5 9 19 2 3 1
98 1 97 48 0 1
97 1 94 47 0 1
92 1 13 42 1 3
95 4 23 34 0 0
62 1 59 28 4 2
94 1 46 47 0 2
50 1 83 10 1 3
26 1 60 13 3 2
90 1 92 44 0 1
93 1 95 47 0 1
93 1 30 48 0 3
96 1 49 49 0 2
97 1 94 49 0 1
100 1 96 51 0 1
99 1 92 49 0 1
63 5 41 26 1 10
74 1 53 36 1 24
82 1 62 41 1 19
99 1 4 30 4 10
36 41 85 76 28 49
13 1 65 5 2 3
99 2 2 8 0 0
96 1 22 50 0 4
96 1 33 50 0 3
91 1 22 49 0 4
99 1 99 48 0 1
25 1 82 11 20 5
97 1 33 50 0 3
91 1 94 44 0 1
90 1 94 46 0 1
99 1 90 49 0 1
14 1 40 8 1 4
40 4 99 19 1 1
97 1 98 48 0 1
44 1 44 21 2 5
90 1 97 46 0 1
80 15 55 89 33 87
100 1 32 49 0 3
93 1 23 45 0 4
97 1 92 49 0 1
