100
11 5 16 5 0 0
3 1 3 2 2 0
3 1 3 2 1 0
2 1 5 1 1 1
100 1 100 50 0 1
93 1 34 55 3 7
88 7 48 60 0 0
28 5 50 7 0 0
81 1 41 36 1 1
97 1 90 47 0 1
16 1 67 9 1 3
100 1 95 50 0 1
97 1 98 48 0 1
80 15 55 89 33 87
99 1 98 50 0 1
100 1 49 49 0 2
59 1 73 18 1 8
97 1 93 47 0 1
89 33 64 45 7 28
36 41 85 76 28 49
99 2 2 8 0 0
93 1 95 45 0 1
99 1 31 50 0 3
96 1 97 47 0 1
94 1 90 46 0 1
88 1 94 43 4 1
98 1 45 48 0 2
90 1 93 45 0 1
91 1 90 46 0 1
68 9 91 40 2 10
3 1 89 1 2 2
91 1 33 47 0 3
46 1 37 92 1 14
90 1 97 46 0 1
68 8 99 28 2 6
97 1 47 15 1 1
96 1 93 48 0 1
98 3 79 53 1 2
41 1 69 99 2 8
96 1 90 48 0 1
91 1 93 45 0 1
92 1 25 45 0 4
90 1 98 45 0 1
97 1 48 48 0 2
97 1 99 49 0 1
99 1 93 50 0 1
100 1 24 50 0 4
93 1 92 45 0 1
94 7 97 39 2 8
97 1 90 48 0 1
92 1 92 46 0 1
97 1 91 48 0 1
95 4 23 34 0 0
92 1 19 23 0 0
92 1 91 46 0 1
92 1 91 47 0 1
96 1 22 50 0 4
97 1 31 48 0 3
93 1 25 46 0 4
26 1 92 12 1 1
43 1 68 46 4 1
26 1 60 13 3 2
54 10 26 31 15 4
91 1 23 47 0 4
93 1 95 46 0 1
90 1 98 44 0 1
97 1 91 49 0 1
70 1 41 31 1 3
98 1 32 49 0 3
86 1 95 28 3 4
90 1 100 45 0 1
80 1 89 44 4 12
98 1 91 50 0 1
100 1 98 50 0 1
91 1 92 44 0 1
88 1 64 45 3 25
7 1 26 3 1 1
92 1 24 47 0 4
99 1 95 50 0 1
96 1 45 49 0 2
99 1 99 50 0 1
92 1 46 47 0 2
56 8 58 26 2 6
92 1 33 47 0 3
92 6 57 50 5 3
94 1 30 49 0 3
56 3 34 42 28 10
98 1 97 49 0 1
39 9 92 16 36 5
100 1 93 51 0 1
90 1 97 45 0 1
93 1 100 45 0 1
99 1 94 50 0 1
100 1 95 51 0 1
97 1 85 54 4 1
100 1 23 54 0 4
98 6 55 64 14 26
100 1 47 49 0 2
96 1 31 48 0 3
98 1 46 49 0 2
