100
4 4
1.4000
0.5000 0.7000 0.8000 0.6000
2 2
1.0000
0.0000 0.0000
2 2
0.0000
0.9000 0.8000
2 2
0.1000
0.4000 0.5000
45 45
13.6064
0.4269 0.0817 0.7575 0.7032 0.7539 0.5592 0.9653 0.1187 0.6775 0.2303 0.9216 0.0872 0.7075 0.7415 0.6041 0.0192 0.6895 0.5302 0.1210 0.9465 0.7253 0.8515 0.8593 0.5430 0.7757 0.7719 0.6783 0.8950 0.5051 0.0519 0.5596 0.4780 0.5624 0.8493 0.7332 0.6097 0.2841 0.4336 0.8046 0.5525 0.5320 0.0734 0.7141 0.8179 0.5236
49 49
2.2603
0.4856 0.2869 0.5337 0.1679 0.3106 0.6857 0.0706 0.5154 0.1160 0.7809 0.7961 0.4581 0.8354 0.0739 0.5347 0.2235 0.2368 0.3850 0.7064 0.6047 0.8561 0.6873 0.8691 0.7444 0.4795 0.9229 0.5165 0.2017 0.7932 0.2062 0.4379 0.4606 0.7001 0.5509 0.7213 0.8491 0.5095 0.0852 0.4266 0.7694 0.8378 0.3545 0.1329 0.1762 0.2831 0.7481 0.6125 0.6942 0.5352
45 45
17.1276
0.5838 0.9777 0.3611 0.3405 0.5499 0.2921 0.6535 0.3046 0.9788 0.9566 0.0933 0.3903 0.1091 0.7535 0.8489 0.3926 0.4772 0.0839 0.0857 0.0230 0.2296 0.9327 0.7292 0.8505 0.9829 0.6696 0.9143 0.0006 0.6846 0.0461 0.0352 0.7130 0.1177 0.7468 0.6708 0.0318 0.6085 0.4857 0.2206 0.5952 0.9942 0.9499 0.3381 0.8083 0.4477
2 2
0.0000
1.0000 1.0000
46 46
14.3006
0.7895 0.0411 0.9583 0.0223 0.8645 0.5500 0.8078 0.7794 0.4868 0.2071 0.9119 0.3894 0.6502 0.6807 0.0383 0.6772 0.4450 0.2500 0.8872 0.7099 0.3968 0.9122 0.9014 0.2512 0.9537 0.9729 0.4906 0.0220 0.8281 0.9706 0.3856 0.6758 0.9435 0.9898 0.8057 0.4227 0.6973 0.1150 0.8166 0.4775 0.1371 0.1046 0.1350 0.8001 0.5356 0.7382
2 2
0.3333
0.5000 0.5000
49 49
24.1150
0.5460 0.1124 0.7474 0.8379 0.2018 0.2367 0.7283 0.4856 0.5417 0.2422 0.1975 0.7476 0.5067 0.7809 0.4231 0.7822 0.5516 0.0349 0.1355 0.3069 0.0890 0.1856 0.9322 0.6709 0.5996 0.3213 0.3988 0.2340 0.7635 0.4014 0.0842 0.5854 0.3247 0.2407 0.5407 0.6458 0.2011 0.9674 0.5330 0.9687 0.8880 0.9396 0.3389 0.7274 0.4782 0.6206 0.3651 0.2323 0.7036
50 50
19.4959
0.8203 0.1927 0.8047 0.6247 0.5123 0.0930 0.7458 0.5631 0.7861 0.9141 0.0250 0.2143 0.5367 0.6890 0.4214 0.0796 0.8181 0.5653 0.4175 0.2173 0.2648 0.9748 0.9825 0.8883 0.6226 0.4215 0.7648 0.8389 0.6879 0.8578 0.1444 0.6873 0.3523 0.1379 0.9812 0.1665 0.6563 0.2129 0.9253 0.9287 0.7769 0.8999 0.0970 0.4750 0.2035 0.0761 0.3045 0.4945 0.9013 0.4939
50 50
20.5763
0.2809 0.8711 0.8302 0.3586 0.8079 0.3846 0.0711 0.9589 0.9051 0.3306 0.8711 0.1362 0.8091 0.0874 0.7193 0.5037 0.2807 0.3667 0.5368 0.1976 0.0383 0.7422 0.7268 0.4948 0.8622 0.9021 0.4051 0.0801 0.5972 0.9771 0.1990 0.2223 0.0364 0.0203 0.8093 0.6199 0.1232 0.9076 0.7108 0.6860 0.1781 0.0420 0.9980 0.9568 0.9221 0.8414 0.9491 0.1114 0.9170 0.9801
50 50
0.0000
0.8700 0.8700 0.8700 0.8700 0.8700 0.8700 0.8700 0.8700 0.8700 0.8700 0.8700 0.8700 0.8700 0.8700 0.8700 0.8700 0.8700 0.8700 0.8700 0.8700 0.8700 0.8700 0.8700 0.8700 0.8700 0.8700 0.8700 0.8700 0.8700 0.8700 0.8700 0.8700 0.8700 0.8700 0.8700 0.8700 0.8700 0.8700 0.8700 0.8700 0.8700 0.8700 0.8700 0.8700 0.8700 0.8700 0.8700 0.8700 0.8700 0.8700
50 50
23.9292
0.9346 0.1033 0.7766 0.6355 0.3819 0.4027 0.8662 0.3218 0.7749 0.2189 0.9445 0.7376 0.0567 0.6327 0.5881 0.2485 0.9072 0.3618 0.5590 0.2667 0.9966 0.0727 0.1556 0.3051 0.9828 0.3402 0.5737 0.3749 0.1367 0.6226 0.0251 0.5496 0.9799 0.3543 0.4101 0.3470 0.7110 0.0924 0.1495 0.8724 0.9166 0.1737 0.1422 0.6342 0.6605 0.8672 0.2718 0.1945 0.7219 0.6857
46 46
16.3669
0.2860 0.2991 0.4032 0.2883 0.0939 0.7163 0.9546 0.9168 0.1927 0.8541 0.8154 0.8892 0.8668 0.2167 0.7179 0.7275 0.9962 0.2382 0.0890 0.6762 0.3579 0.8689 0.2889 0.9777 0.0495 0.2776 0.8926 0.0757 0.8106 0.0919 0.0672 0.2514 0.6934 0.8512 0.0733 0.9168 0.6308 0.8861 0.1191 0.7617 0.9030 0.3092 0.9212 0.0177 0.1267 0.7124
48 48
23.6543
0.2243 0.9756 0.1866 0.4753 0.6297 0.4590 0.2837 0.3338 0.6673 0.9338 0.5549 0.4394 0.2565 0.3239 0.2889 0.0517 0.1381 0.2488 0.3501 0.1852 0.0726 0.6739 0.0376 0.2756 0.7023 0.3581 0.2906 0.1383 0.5424 0.7812 0.2897 0.6875 0.6938 0.8194 0.0824 0.9714 0.7510 0.9176 0.3734 0.9579 0.3039 0.8811 0.9635 0.3560 0.1515 0.7208 0.2447 0.2401
50 50
23.9859
0.5133 0.7579 0.3831 0.1421 0.3322 0.3509 0.5938 0.3374 0.4830 0.9751 0.1336 0.9172 0.5105 0.2767 0.8937 0.6403 0.1709 0.4234 0.5612 0.4696 0.5380 0.9244 0.9207 0.4307 0.8094 0.1762 0.2586 0.0159 0.7906 0.8299 0.8020 0.2748 0.3022 0.0497 0.5110 0.2087 0.6430 0.4130 0.0181 0.1073 0.4116 0.3650 0.0703 0.3480 0.0275 0.7022 0.1807 0.1570 0.9829 0.9713
46 46
18.9997
0.0139 0.0987 0.4549 0.8430 0.2292 0.7032 0.2389 0.3249 0.4430 0.4330 0.2316 0.5756 0.1944 0.3068 0.7371 0.1094 0.2917 0.1181 0.5077 0.7304 0.9729 0.5008 0.7556 0.2376 0.5987 0.6260 0.2786 0.9257 0.3768 0.0745 0.3697 0.1837 0.2471 0.6219 0.1164 0.5922 0.2625 0.6329 0.7988 0.2218 0.3836 0.8740 0.3053 0.3305 0.6841 0.4829
50 50
0.0000
0.9999 0.9999 0.9999 0.9999 0.9999 0.9999 0.9999 0.9999 0.9999 0.9999 0.9999 0.9999 0.9999 0.9999 0.9999 0.9999 0.9999 0.9999 0.9999 0.9999 0.9999 0.9999 0.9999 0.9999 0.9999 0.9999 0.9999 0.9999 0.9999 0.9999 0.9999 0.9999 0.9999 0.9999 0.9999 0.9999 0.9999 0.9999 0.9999 0.9999 0.9999 0.9999 0.9999 0.9999 0.9999 0.9999 0.9999 0.9999 0.9999 0.9999
47 47
17.9299
0.2860 0.8317 0.3532 0.6172 0.3598 0.3706 0.6914 0.8172 0.5330 0.5229 0.8807 0.7508 0.9013 0.2338 0.5684 0.1868 0.4167 0.8011 0.9747 0.4531 0.6927 0.1277 0.3903 0.6660 0.8485 0.7366 0.0272 0.4891 0.9906 0.5242 0.6003 0.4933 0.8404 0.8469 0.0598 0.4659 0.1763 0.3866 0.7735 0.7169 0.8528 0.4850 0.1020 0.3335 0.7971 0.3174 0.9176
50 50
21.5219
0.1474 0.4951 0.5744 0.4211 0.2824 0.7922 0.7616 0.0694 0.0960 0.4712 0.8006 0.2907 0.7922 0.3228 0.5096 0.6958 0.1816 0.6727 0.3648 0.1369 0.3903 0.5634 0.0314 0.5248 0.4046 0.1601 0.9972 0.0853 0.3209 0.9137 0.4985 0.7631 0.1618 0.3801 0.4608 0.8169 0.2948 0.9427 0.2380 0.6994 0.6553 0.6248 0.1140 0.2006 0.3467 0.6241 0.4823 0.4814 0.6236 0.0233
50 50
1.0000
0.0000 0.0000 0.0000 0.0000 0.0000 0.0000 0.0000 0.0000 0.0000 0.0000 0.0000 0.0000 0.0000 0.0000 0.0000 0.0000 0.0000 0.0000 0.0000 0.0000 0.0000 0.0000 0.0000 0.0000 0.0000 0.0000 0.0000 0.0000 0.0000 0.0000 0.0000 0.0000 0.0000 0.0000 0.0000 0.0000 0.0000 0.0000 0.0000 0.0000 0.0000 0.0000 0.0000 0.0000 0.0000 0.0000 0.0000 0.0000 0.0000 0.0000
50 50
23.6564
0.0071 0.5144 0.3548 0.4543 0.3531 0.0913 0.5425 0.5188 0.1653 0.4255 0.0517 0.4408 0.0109 0.2430 0.9278 0.2230 0.5577 0.6185 0.6383 0.5202 0.4357 0.9879 0.5123 0.1519 0.6460 0.2865 0.6349 0.5482 0.7130 0.8054 0.2216 0.6624 0.3842 0.6797 0.2323 0.4633 0.8601 0.7607 0.4021 0.0126 0.0446 0.8232 0.2959 0.3145 0.1318 0.8548 0.2739 0.9804 0.9609 0.4930
50 50
17.4521
0.6729 0.8089 0.6800 0.7320 0.3817 0.3838 0.4639 0.8413 0.0352 0.0899 0.9271 0.7257 0.8403 0.4563 0.4644 0.5779 0.4192 0.7028 0.4867 0.6026 0.9369 0.1217 0.1717 0.8222 0.3346 0.6231 0.1627 0.6838 0.6375 0.4046 0.0700 0.7516 0.6816 0.8988 0.7190 0.4143 0.5750 0.7196 0.8623 0.0056 0.8268 0.8089 0.7244 0.4454 0.3983 0.9628 0.8340 0.7105 0.0871 0.8391
48 48
25.5331
0.7014 0.7883 0.4534 0.6127 0.2355 0.7532 0.1747 0.6729 0.5720 0.6340 0.8703 0.5666 0.5408 0.2256 0.9471 0.1686 0.2745 0.2884 0.1377 0.5569 0.3293 0.7859 0.5061 0.1755 0.8182 0.3222 0.2685 0.1708 0.1401 0.1929 0.2072 0.1119 0.8414 0.3942 0.0548 0.9569 0.4603 0.4335 0.8534 0.3140 0.3861 0.7516 0.1789 0.2479 0.9247 0.3296 0.4528 0.5871
49 49
16.1913
0.2717 0.5585 0.6802 0.7114 0.1972 0.8915 0.6278 0.2583 0.7510 0.2318 0.4887 0.1280 0.3242 0.6870 0.6648 0.9663 0.1639 0.0776 0.8498 0.7714 0.9231 0.3998 0.9146 0.3820 0.1542 0.9738 0.9922 0.1590 0.7522 0.5350 0.7641 0.9053 0.8232 0.3627 0.0390 0.1221 0.8392 0.6430 0.8873 0.3369 0.1080 0.4895 0.3058 0.2021 0.6896 0.2152 0.7828 0.4125 0.7501
48 48
18.5533
0.5536 0.2113 0.2553 0.2755 0.9645 0.6631 0.5393 0.6733 0.5014 0.0606 0.1817 0.8097 0.2495 0.5887 0.4080 0.1474 0.9354 0.2108 0.4632 0.6852 0.5904 0.5224 0.0009 0.8933 0.9304 0.1899 0.8546 0.7830 0.9477 0.0700 0.1768 0.9168 0.2376 0.6476 0.9733 0.6023 0.6803 0.9547 0.7532 0.7297 0.0571 0.2301 0.8643 0.6208 0.6177 0.8783 0.3726 0.8927
50 50
1.0000
0.3333 0.3333 0.3333 0.3333 0.3333 0.3333 0.3333 0.3333 0.3333 0.3333 0.3333 0.3333 0.3333 0.3333 0.3333 0.3333 0.3333 0.3333 0.3333 0.3333 0.3333 0.3333 0.3333 0.3333 0.3333 0.3333 0.3333 0.3333 0.3333 0.3333 0.3333 0.3333 0.3333 0.3333 0.3333 0.3333 0.3333 0.3333 0.3333 0.3333 0.3333 0.3333 0.3333 0.3333 0.3333 0.3333 0.3333 0.3333 0.3333 0.3333
49 49
22.9802
0.4393 0.1317 0.9281 0.1651 0.5020 0.7954 0.1893 0.4879 0.4243 0.0024 0.2501 0.9358 0.3562 0.3823 0.1139 0.7036 0.2339 0.8691 0.5086 0.5478 0.5840 0.8612 0.2167 0.1417 0.3025 0.6499 0.2271 0.7755 0.7758 0.0368 0.6256 0.9230 0.7686 0.5933 0.9334 0.3052 0.6195 0.4998 0.1551 0.8183 0.5647 0.4512 0.8998 0.2784 0.2633 0.3477 0.9504 0.9346 0.1662
49 49
17.4659
0.2988 0.7083 0.4351 0.4718 0.9375 0.6632 0.9638 0.6485 0.1701 0.2757 0.5560 0.8894 0.2444 0.3278 0.5076 0.0361 0.8300 0.4155 0.0283 0.6767 0.0926 0.7632 0.5595 0.5516 0.4110 0.8618 0.4942 0.3405 0.2881 0.7111 0.3105 0.6957 0.9167 0.0735 0.4754 0.9344 0.2205 0.3230 0.6857 0.1143 0.4939 0.5852 0.2867 0.4230 0.6455 0.7043 0.9443 0.5386 0.2116
4 4
1.3999
0.7000 0.8000 0.6000 0.5000
2 2
0.3333
0.0000 0.0000
50 50
23.6511
0.4420 0.0144 0.4794 0.2907 0.2187 0.2743 0.0253 0.9219 0.1648 0.8780 0.5441 0.7927 0.4841 0.5425 0.2622 0.4983 0.0738 0.7076 0.7692 0.0492 0.2086 0.7151 0.2265 0.3904 0.5165 0.5024 0.6932 0.3583 0.9394 0.3220 0.3903 0.7238 0.6278 0.5875 0.7812 0.4053 0.4774 0.3494 0.7787 0.2682 0.3654 0.5719 0.5756 0.1467 0.6714 0.3879 0.7242 0.5096 0.8570 0.5161
50 50
17.1092
0.0806 0.4620 0.2880 0.5234 0.1348 0.7951 0.7023 0.9452 0.8412 0.4842 0.7553 0.7865 0.7149 0.5332 0.8508 0.2885 0.3100 0.6081 0.8700 0.8362 0.2497 0.0483 0.4462 0.4090 0.9540 0.2230 0.6480 0.0479 0.6796 0.1820 0.9539 0.1970 0.3531 0.0831 0.6379 0.3785 0.4105 0.2103 0.0145 0.0614 0.9119 0.7887 0.3548 0.9272 0.9059 0.7425 0.1500 0.2420 0.1196 0.2269
45 45
18.3857
0.9563 0.3801 0.5758 0.3852 0.9487 0.7784 0.5737 0.5991 0.4444 0.0994 0.9217 0.0435 0.2156 0.7815 0.1915 0.1829 0.3053 0.6723 0.5970 0.8095 0.2652 0.0270 0.7124 0.1004 0.5405 0.3771 0.8847 0.7359 0.5339 0.0376 0.8784 0.3785 0.6495 0.2399 0.7922 0.5833 0.0180 0.4789 0.5983 0.7530 0.9492 0.5721 0.2112 0.7841 0.8638
46 46
18.0790
0.6840 0.4322 0.9608 0.3393 0.3801 0.2387 0.7015 0.9611 0.3746 0.4239 0.4637 0.6175 0.7078 0.4281 0.6775 0.0603 0.7633 0.4413 0.0724 0.9577 0.7299 0.1346 0.3371 0.0797 0.7569 0.6920 0.5696 0.1394 0.6909 0.4478 0.0739 0.9964 0.8255 0.5900 0.1322 0.0728 0.2190 0.3033 0.5878 0.9950 0.5195 0.4092 0.6032 0.5350 0.3189 0.6348
48 48
18.5132
1.0000 0.3810 0.4401 0.1594 0.9882 0.1204 0.4850 0.4087 0.4388 0.6121 0.4825 0.2589 0.8825 0.4454 0.2049 0.6614 0.3341 0.5754 0.7189 0.7762 0.6050 0.5785 0.7422 0.5733 0.2243 0.7620 0.2078 0.4591 0.0721 0.6361 0.6947 0.6517 0.2772 0.5254 0.8364 0.6612 0.0978 0.3539 0.4269 0.1799 0.0945 0.6057 0.5536 0.3705 0.8334 0.9528 0.1886 0.3188
47 47
15.8718
0.3245 0.6245 0.7183 0.2580 0.0308 0.1297 0.7408 0.9449 0.4466 0.6483 0.4537 0.5283 0.9828 0.5934 0.3502 0.2512 0.8511 0.8446 0.5598 0.6035 0.5190 0.5072 0.7640 0.7298 0.5947 0.6252 0.2937 0.2395 0.6445 0.1359 0.5938 0.7335 0.7782 0.8125 0.8121 0.9429 0.5348 0.4061 0.9849 0.4955 0.3814 0.6050 0.8313 0.0393 0.5400 0.8033 0.7905
48 48
16.0315
0.4913 0.5819 0.8986 0.8911 0.7907 0.3838 0.9011 0.3945 0.2081 0.5060 0.4158 0.3460 0.3293 0.7414 0.8545 0.7201 0.9453 0.7069 0.7561 0.2236 0.8391 0.2497 0.4382 0.3440 0.2359 0.6659 0.9416 0.1245 0.1587 0.7123 0.3915 0.7521 0.2794 0.3189 0.3823 0.8625 0.4449 0.1055 0.0955 0.7498 0.8335 0.9978 0.7811 0.0170 0.9204 0.0346 0.3149 0.1115
50 50
50.0000
0.0000 0.0000 0.0000 0.0000 0.0000 0.0000 0.0000 0.0000 0.0000 0.0000 0.0000 0.0000 0.0000 0.0000 0.0000 0.0000 0.0000 0.0000 0.0000 0.0000 0.0000 0.0000 0.0000 0.0000 0.0000 0.0000 0.0000 0.0000 0.0000 0.0000 0.0000 0.0000 0.0000 0.0000 0.0000 0.0000 0.0000 0.0000 0.0000 0.0000 0.0000 0.0000 0.0000 0.0000 0.0000 0.0000 0.0000 0.0000 0.0000 0.0000
4 4
0.0001
0.0000 0.0000 0.0000 0.0000
50 50
0.0049
0.9999 0.9999 0.9999 0.9999 0.9999 0.9999 0.9999 0.9999 0.9999 0.9999 0.9999 0.9999 0.9999 0.9999 0.9999 0.9999 0.9999 0.9999 0.9999 0.9999 0.9999 0.9999 0.9999 0.9999 0.9999 0.9999 0.9999 0.9999 0.9999 0.9999 0.9999 0.9999 0.9999 0.9999 0.9999 0.9999 0.9999 0.9999 0.9999 0.9999 0.9999 0.9999 0.9999 0.9999 0.9999 0.9999 0.9999 0.9999 0.9999 0.9999
49 49
16.0205
0.6413 0.1131 0.8650 0.9388 0.8181 0.9922 0.5932 0.1350 0.8942 0.1883 0.7851 0.2160 0.7082 0.4160 0.0096 0.7492 0.9695 0.7408 0.7682 0.2561 0.1877 0.2773 0.1717 0.0563 0.9398 0.2457 0.9144 0.6645 0.4735 0.6732 0.8612 0.2164 0.9565 0.2745 0.0319 0.9564 0.7679 0.1918 0.3678 0.3181 0.0301 0.3839 0.3824 0.6479 0.9170 0.7681 0.4755 0.2688 0.6782
50 50
0.0000
0.0000 0.0000 0.0000 0.0000 0.0000 0.0000 0.0000 0.0000 0.0000 0.0000 0.0000 0.0000 0.0000 0.0000 0.0000 0.0000 0.0000 0.0000 0.0000 0.0000 0.0000 0.0000 0.0000 0.0000 0.0000 0.0000 0.0000 0.0000 0.0000 0.0000 0.0000 0.0000 0.0000 0.0000 0.0000 0.0000 0.0000 0.0000 0.0000 0.0000 0.0000 0.0000 0.0000 0.0000 0.0000 0.0000 0.0000 0.0000 0.0000 0.0000
49 49
21.6843
0.1343 0.6808 0.2131 0.2936 0.3549 0.7506 0.7520 0.3358 0.2088 0.8537 0.7878 0.0494 0.1485 0.2673 0.6394 0.7724 0.2355 0.1794 0.8393 0.8389 0.8112 0.0605 0.3164 0.3977 0.0031 0.0346 0.4028 0.2960 0.6977 0.6716 0.4828 0.0259 0.4518 0.5210 0.1750 0.1603 0.3675 0.7734 0.5519 0.6380 0.5996 0.8884 0.3005 0.0414 0.1618 0.5514 0.9875 0.1738 0.5797
48 48
15.7149
0.1514 0.9533 0.3565 0.7407 0.8155 0.6314 0.0728 0.4678 0.3173 0.1571 0.6636 0.6480 0.9691 0.8809 0.3956 0.1914 0.8868 0.9314 0.9492 0.3523 0.7462 0.8615 0.4619 0.6298 0.5050 0.0716 0.8566 0.3812 0.9224 0.1600 0.6604 0.3105 0.0433 0.7400 0.2088 0.9347 0.9566 0.9546 0.6211 0.4696 0.8209 0.5869 0.9075 0.2012 0.6782 0.4295 0.1435 0.4720
46 46
15.0777
0.8578 0.9796 0.5569 0.5000 0.3026 0.1531 0.4117 0.5031 0.4015 0.3991 0.9270 0.6531 0.2817 0.6753 0.5182 0.3975 0.2962 0.1088 0.9067 0.3450 0.9380 0.2350 0.5956 0.9211 0.3739 0.6808 0.7518 0.1257 0.5996 0.7909 0.8770 0.3924 0.8568 0.1254 0.8560 0.5742 0.3466 0.9922 0.9501 0.3810 0.4452 0.5591 0.5385 0.5929 0.1851 0.6498
46 46
22.8265
0.8941 0.6974 0.9915 0.5491 0.5510 0.4260 0.8067 0.0930 0.3022 0.6801 0.0907 0.1056 0.9590 0.1520 0.1980 0.8581 0.4321 0.2697 0.2837 0.5185 0.4166 0.2987 0.9517 0.6951 0.1788 0.9285 0.5598 0.0029 0.3941 0.7605 0.5070 0.3545 0.0193 0.1267 0.0117 0.5121 0.5461 0.3205 0.0174 0.0601 0.2126 0.1240 0.8460 0.7716 0.5679 0.3067
47 47
16.9067
0.4626 0.9448 0.4748 0.9459 0.7006 0.3614 0.9221 0.1728 0.2311 0.3518 0.5031 0.5255 0.9330 0.4057 0.2496 0.9469 0.6908 0.7804 0.3062 0.9135 0.0576 0.0645 0.7897 0.6474 0.9149 0.2811 0.7316 0.6838 0.5324 0.0488 0.1289 0.9595 0.3170 0.0695 0.9893 0.8353 0.7884 0.2015 0.8378 0.0126 0.8170 0.5236 0.7266 0.0389 0.8842 0.7086 0.9763
47 47
24.2046
0.6893 0.2427 0.8171 0.6333 0.1522 0.6959 0.2667 0.6127 0.1018 0.8093 0.6183 0.3388 0.0390 0.7854 0.6405 0.5282 0.8470 0.0569 0.1848 0.4308 0.3256 0.1954 0.7924 0.0449 0.3641 0.4471 0.0774 0.6379 0.4487 0.8778 0.5174 0.5675 0.0839 0.1274 0.1327 0.9182 0.6885 0.7294 0.7671 0.0630 0.7064 0.3185 0.3102 0.9197 0.1586 0.6175 0.2390
48 48
18.7189
0.2660 0.7775 0.3838 0.7058 0.8467 0.9118 0.9340 0.0159 0.2830 0.2964 0.2375 0.9902 0.0511 0.1046 0.9502 0.1436 0.9972 0.4161 0.4711 0.8751 0.1324 0.0844 0.7606 0.5227 0.7350 0.0422 0.3866 0.1528 0.8489 0.2935 0.2816 0.4200 0.1862 0.8775 0.8083 0.7336 0.5349 0.0684 0.7365 0.3890 0.4173 0.3995 0.1369 0.6453 0.1894 0.1944 0.3977 0.1335
50 50
0.0050
0.9999 0.9999 0.9999 0.9999 0.9999 0.9999 0.9999 0.9999 0.9999 0.9999 0.9999 0.9999 0.9999 0.9999 0.9999 0.9999 0.9999 0.9999 0.9999 0.9999 0.9999 0.9999 0.9999 0.9999 0.9999 0.9999 0.9999 0.9999 0.9999 0.9999 0.9999 0.9999 0.9999 0.9999 0.9999 0.9999 0.9999 0.9999 0.9999 0.9999 0.9999 0.9999 0.9999 0.9999 0.9999 0.9999 0.9999 0.9999 0.9999 0.9999
50 50
22.1175
0.5936 0.1316 0.4972 0.3878 0.4619 0.3612 0.6141 0.4396 0.7187 0.2235 0.9182 0.0495 0.9335 0.9149 0.3483 0.6406 0.9676 0.1857 0.2769 0.2821 0.4136 0.2363 0.0128 0.2523 0.1863 0.6771 0.6226 0.4833 0.9825 0.2059 0.3675 0.2529 0.1696 0.2858 0.3786 0.4638 0.5151 0.7611 0.4673 0.5431 0.1297 0.6831 0.7440 0.6814 0.5049 0.0905 0.1422 0.2949 0.4560 0.2024
48 48
21.0312
0.0727 0.4649 0.3858 0.9942 0.5615 0.0915 0.8761 0.6765 0.8261 0.4761 0.3419 0.0659 0.6256 0.2981 0.9100 0.3452 0.6587 0.0375 0.3619 0.5200 0.9566 0.4696 0.0358 0.1440 0.9809 0.5023 0.5850 0.4334 0.4063 0.3007 0.4260 0.1973 0.8076 0.6234 0.2535 0.7339 0.9253 0.2113 0.8517 0.4788 0.1607 0.0322 0.9611 0.3360 0.1548 0.1082 0.4801 0.9469
50 50
18.2355
0.7148 0.8680 0.2301 0.6269 0.3365 0.7848 0.0338 0.3822 0.5661 0.8215 0.8480 0.5010 0.6550 0.2213 0.3370 0.3677 0.1217 0.8933 0.0530 0.8195 0.7458 0.6421 0.9897 0.3721 0.0315 0.8010 0.9808 0.7617 0.5399 0.2856 0.0210 0.1156 0.4237 0.7458 0.3117 0.6829 0.5508 0.6264 0.4193 0.3436 0.7748 0.8413 0.3302 0.8517 0.2902 0.2611 0.8986 0.8177 0.3013 0.2059
48 48
17.0834
0.4695 0.9892 0.2781 0.4465 0.5714 0.1002 0.0934 0.1567 0.9967 0.9358 0.2823 0.1416 0.6337 0.1491 0.9237 0.2320 0.6269 0.5766 0.6852 0.7580 0.8752 0.9347 0.8905 0.4431 0.3724 0.0439 0.1440 0.8837 0.8327 0.6937 0.4570 0.1778 0.2908 0.4139 0.4815 0.3230 0.1842 0.5253 0.8383 0.6089 0.0886 0.4050 0.5757 0.3761 0.1882 0.7907 0.6635 0.4707
47 47
17.0680
0.5572 0.6375 0.4647 0.3903 0.9558 0.4146 0.7812 0.5220 0.8685 0.8960 0.5533 0.3836 0.2516 0.0982 0.0150 0.9505 0.0107 0.3417 0.0910 0.9596 0.9661 0.7075 0.7196 0.5002 0.0429 0.9860 0.7946 0.5360 0.1779 0.7302 0.8450 0.3251 0.9464 0.1210 0.0778 0.2905 0.1060 0.9006 0.9146 0.6356 0.3407 0.3441 0.6246 0.3840 0.3371 0.9875 0.1594
2 2
0.5000
0.5000 0.5000
48 48
15.8535
0.9707 0.8162 0.6368 0.1605 0.8777 0.3849 0.4924 0.5263 0.5295 0.6340 0.7005 0.7051 0.3192 0.5777 0.3982 0.0263 0.9631 0.4722 0.9846 0.8849 0.3028 0.8450 0.4072 0.9496 0.2943 0.3342 0.4992 0.7848 0.3517 0.1594 0.6113 0.8493 0.7141 0.5539 0.1927 0.1407 0.3892 0.0386 0.8932 0.9052 0.2141 0.6652 0.6376 0.7335 0.2806 0.0971 0.1978 0.7090
45 45
17.6613
0.1428 0.3482 0.7866 0.6506 0.9895 0.6997 0.7676 0.1109 0.6459 0.4595 0.4730 0.8145 0.2869 0.4712 0.5390 0.8398 0.2671 0.2273 0.5434 0.4241 0.5485 0.3644 0.1823 0.2855 0.3159 0.4964 0.6985 0.3107 0.6589 0.8635 0.4491 0.6266 0.9140 0.0181 0.6809 0.5165 0.8506 0.3391 0.2926 0.9201 0.3631 0.4133 0.3669 0.7389 0.4385
48 48
17.8339
0.9895 0.5937 0.7642 0.3052 0.3747 0.1383 0.8396 0.6209 0.2607 0.7284 0.1010 0.7968 0.8670 0.5560 0.2748 0.0727 0.2105 0.5352 0.9293 0.1106 0.8196 0.1000 0.9248 0.4402 0.6988 0.9071 0.1153 0.2661 0.6576 0.7019 0.8520 0.4451 0.4191 0.6027 0.7536 0.3175 0.4578 0.4693 0.5071 0.4476 0.5468 0.3904 0.6096 0.6163 0.6560 0.0762 0.8650 0.7280
46 46
17.7315
0.1064 0.1231 0.3455 0.0253 0.8935 0.3333 0.6353 0.7367 0.1633 0.3568 0.7928 0.8065 0.7684 0.5701 0.6798 0.6528 0.5895 0.9370 0.9107 0.9823 0.7245 0.5207 0.3813 0.6537 0.8603 0.2650 0.9051 0.4101 0.2583 0.5527 0.5734 0.4559 0.3802 0.2940 0.8991 0.9478 0.0648 0.1794 0.4946 0.7059 0.6084 0.3815 0.6293 0.6756 0.3114 0.4463
48 48
20.7040
0.1642 0.8563 0.0050 0.0686 0.9711 0.0140 0.9145 0.2579 0.4581 0.4119 0.9275 0.7523 1.0000 0.6518 0.2648 0.3657 0.1746 0.9441 0.2199 0.5850 0.1046 0.0273 0.6043 0.8505 0.5308 0.8779 0.4237 0.3565 0.1922 0.9443 0.5786 0.5252 0.4533 0.3311 0.6372 0.9374 0.6297 0.9016 0.7030 0.4507 0.0396 0.1406 0.0229 0.6836 0.8934 0.0952 0.8530 0.6984
46 46
16.4296
0.9575 0.3301 0.4798 0.0291 0.6602 0.7615 0.8973 0.0760 0.6196 0.5110 0.0639 0.2233 0.5937 0.7503 0.5667 0.7617 0.9146 0.1252 0.6140 0.1492 0.3322 0.0576 0.7198 0.2760 0.1702 0.8136 0.9463 0.5111 0.1828 0.3500 0.7550 0.7261 0.9701 0.5079 0.1551 0.7151 0.1609 0.2682 0.3357 0.4510 0.0158 0.9797 0.2072 0.4305 0.4553 0.3094
50 50
0.0000
0.3333 0.3333 0.3333 0.3333 0.3333 0.3333 0.3333 0.3333 0.3333 0.3333 0.3333 0.3333 0.3333 0.3333 0.3333 0.3333 0.3333 0.3333 0.3333 0.3333 0.3333 0.3333 0.3333 0.3333 0.3333 0.3333 0.3333 0.3333 0.3333 0.3333 0.3333 0.3333 0.3333 0.3333 0.3333 0.3333 0.3333 0.3333 0.3333 0.3333 0.3333 0.3333 0.3333 0.3333 0.3333 0.3333 0.3333 0.3333 0.3333 0.3333
45 45
15.0929
0.3941 0.5741 0.7261 0.3428 0.2501 0.9463 0.5752 0.5713 0.0232 0.7346 0.0571 0.0790 0.3829 0.1863 0.7501 0.0898 0.4183 0.0335 0.7213 0.5194 0.6901 0.9802 0.2294 0.7868 0.3390 0.9346 0.8407 0.8606 0.1825 0.2095 0.8767 0.5147 0.7655 0.3189 0.6608 0.7413 0.1140 0.0935 0.8795 0.8054 0.6845 0.4072 0.8143 0.5955 0.6946
45 45
17.6188
0.8391 0.4337 0.8558 0.9247 0.4957 0.2933 0.0358 0.5609 0.5425 0.0269 0.8453 0.9067 0.2710 0.0482 0.5922 0.6543 0.2688 0.7270 0.3868 0.0679 0.0837 0.2675 0.4750 0.4461 0.2343 0.2593 0.3267 0.0633 0.5219 0.0911 0.9715 0.2420 0.8798 0.5800 0.4757 0.1649 0.8150 0.7677 0.6766 0.5505 0.4432 0.0200 0.3622 0.9008 0.8789
50 50
0.0000
0.8765 0.8765 0.8765 0.8765 0.8765 0.8765 0.8765 0.8765 0.8765 0.8765 0.8765 0.8765 0.8765 0.8765 0.8765 0.8765 0.8765 0.8765 0.8765 0.8765 0.8765 0.8765 0.8765 0.8765 0.8765 0.8765 0.8765 0.8765 0.8765 0.8765 0.8765 0.8765 0.8765 0.8765 0.8765 0.8765 0.8765 0.8765 0.8765 0.8765 0.8765 0.8765 0.8765 0.8765 0.8765 0.8765 0.8765 0.8765 0.8765 0.8765
45 45
19.2167
0.9587 0.8715 0.5413 0.3412 0.8909 0.9588 0.3399 0.0495 0.8703 0.9501 0.3660 0.4428 0.2281 0.6331 0.5548 0.0431 0.6842 0.5021 0.9668 0.8097 0.0349 0.1509 0.7789 0.4237 0.7294 0.5568 0.2847 0.9742 0.9968 0.5437 0.6321 0.5816 0.3167 0.2955 0.8682 0.0987 0.8946 0.6263 0.7907 0.0320 0.7570 0.6902 0.2751 0.6522 0.5740
50 50
0.6901
0.7417 0.3724 0.8764 0.0932 0.0539 0.7255 0.5154 0.8265 0.1546 0.2791 0.6759 0.3512 0.0857 0.1224 0.5983 0.1842 0.0770 0.3158 0.3337 0.2187 0.5160 0.7287 0.9318 0.6915 0.8733 0.2108 0.7205 0.1090 0.8871 0.6598 0.5109 0.2683 0.0863 0.0507 0.9926 0.2443 0.3483 0.8091 0.6196 0.6986 0.9438 0.3303 0.9641 0.7951 0.7744 0.7742 0.2215 0.2665 0.1761 0.8928
45 45
15.1175
0.0920 0.7776 0.9323 0.4444 0.4390 0.9660 0.6444 0.5269 0.5490 0.7834 0.5522 0.1358 0.0710 0.8387 0.3720 0.7491 0.8099 0.6320 0.9816 0.1770 0.8873 0.1641 0.5993 0.6163 0.2036 0.2804 0.1413 0.6516 0.5026 0.8131 0.6596 0.1467 0.6701 0.2977 0.6648 0.2129 0.7730 0.2896 0.6384 0.9846 0.3328 0.0377 0.4315 0.5514 0.0239
47 47
15.1583
0.9137 0.5579 0.9696 0.6668 0.9809 0.9250 0.6058 0.7613 0.7357 0.8138 0.8811 0.7308 0.9340 0.1743 0.9453 0.2500 0.4882 0.9645 0.4204 0.0189 0.5257 0.0114 0.0667 0.8911 0.4215 0.9116 0.4103 0.0475 0.9075 0.6089 0.8207 0.0274 0.2913 0.1373 0.2013 0.3108 0.2167 0.7335 0.0047 0.8957 0.0569 0.8589 0.0969 0.2142 0.0995 0.3862 0.9007
1 1
0.3333
0.0000
47 47
0.5837
0.5646 0.9137 0.7167 0.6586 0.6131 0.5956 0.2637 0.4096 0.0082 0.2976 0.8177 0.5026 0.5373 0.1457 0.3602 0.8738 0.1213 0.6048 0.6248 0.8867 0.6696 0.7335 0.4499 0.1291 0.2916 0.0304 0.8283 0.0343 0.3793 0.4186 0.7741 0.7999 0.3682 0.8463 0.5603 0.8003 0.7012 0.7619 0.3154 0.3950 0.4740 0.9160 0.9918 0.2756 0.8207 0.5064 0.7970
48 48
17.2752
0.6785 0.7050 0.1196 0.2673 0.9523 0.1468 0.0274 0.3870 0.5643 0.1112 0.7118 0.2471 0.6282 0.9351 0.6899 0.3733 0.7042 0.7405 0.4858 0.8981 0.9311 0.8710 0.8146 0.5114 0.4145 0.9513 0.3425 0.4837 0.8649 0.3360 0.5673 0.9002 0.8714 0.7814 0.7324 0.0836 0.1635 0.6525 0.4227 0.6149 0.8000 0.2755 0.7945 0.8405 0.6090 0.1223 0.5432 0.0806
47 47
16.9697
0.1061 0.0617 0.0422 0.1332 0.0154 0.8236 0.2549 0.4538 0.7481 0.5985 0.8717 0.1708 0.3093 0.5114 0.6639 0.7567 0.3465 0.1774 0.1683 0.9843 0.1628 0.8245 0.1677 0.4951 0.7092 0.7828 0.4557 0.9843 0.8514 0.7316 0.7242 0.6142 0.1594 0.9855 0.4976 0.5958 0.8591 0.2025 0.6824 0.3305 0.6398 0.2926 0.8445 0.0490 0.2286 0.0319 0.7447
1 1
0.5000
0.5000
46 46
16.6573
0.6510 0.9503 0.5870 0.0174 0.9463 0.1420 0.4300 0.2613 0.9827 0.2990 0.7061 0.2480 0.0874 0.7695 0.7903 0.0376 0.8706 0.4728 0.5920 0.5088 0.4193 0.4191 0.8115 0.8370 0.1908 0.4460 0.7222 0.3045 0.6664 0.9784 0.3854 0.6139 0.7076 0.9867 0.2714 0.6949 0.3088 0.1935 0.7245 0.4239 0.9353 0.5529 0.1260 0.0274 0.8699 0.5426
49 49
20.7243
0.4576 0.0839 0.6126 0.4267 0.1090 0.4489 0.3449 0.5072 0.3767 0.0759 0.8313 0.8475 0.1218 0.1857 0.3787 0.9785 0.4401 0.0941 0.2266 0.9247 0.5077 0.8669 0.6343 0.2644 0.0320 0.4685 0.1597 0.3922 0.1249 0.1537 0.1239 0.2153 0.0319 0.9974 0.3470 0.4920 0.1398 0.3679 0.2190 0.9330 0.2050 0.9743 0.1840 0.3547 0.1857 0.4208 0.5011 0.9944 0.3823
49 49
18.1922
0.1021 0.4569 0.7454 0.8283 0.4735 0.3630 0.5588 0.1672 0.4412 0.0826 0.7139 0.5487 0.4821 0.0553 0.3556 0.8905 0.6901 0.4508 0.2070 0.1639 0.4458 0.8074 0.5062 0.6848 0.5981 0.5011 0.9438 0.2655 0.8590 0.7874 0.1222 0.0877 0.3114 0.1530 0.0050 0.2338 0.3657 0.8836 0.4596 0.3988 0.5077 0.9149 0.9530 0.6064 0.1247 0.6021 0.6171 0.8053 0.7226
50 50
33.3350
0.3333 0.3333 0.3333 0.3333 0.3333 0.3333 0.3333 0.3333 0.3333 0.3333 0.3333 0.3333 0.3333 0.3333 0.3333 0.3333 0.3333 0.3333 0.3333 0.3333 0.3333 0.3333 0.3333 0.3333 0.3333 0.3333 0.3333 0.3333 0.3333 0.3333 0.3333 0.3333 0.3333 0.3333 0.3333 0.3333 0.3333 0.3333 0.3333 0.3333 0.3333 0.3333 0.3333 0.3333 0.3333 0.3333 0.3333 0.3333 0.3333 0.3333
1 1
0.3333
0.5000
46 46
21.6391
0.4854 0.5275 0.2559 0.6807 0.1155 0.6745 0.6267 0.8436 0.3574 0.1493 0.1521 0.9795 0.2825 0.3197 0.0410 0.7891 0.7939 0.7318 0.3324 0.7251 0.2986 0.0856 0.0451 0.4829 0.3694 0.4999 0.4317 0.5295 0.7571 0.9545 0.6494 0.9903 0.4285 0.6395 0.4844 0.1047 0.0433 0.2174 0.1875 0.6356 0.0894 0.3553 0.7875 0.6680 0.8806 0.8442
45 45
16.6259
0.3832 0.1553 0.9459 0.9460 0.4182 0.2303 0.9553 0.4475 0.9219 0.4552 0.1330 0.0718 0.7942 0.7043 0.9170 0.9076 0.2932 0.7250 0.2002 0.6601 0.0606 0.3539 0.0752 0.6119 0.1169 0.0914 0.5988 0.5117 0.4566 0.8151 0.2255 0.2882 0.8666 0.6134 0.5246 0.1902 0.7242 0.7914 0.7279 0.8796 0.6591 0.2804 0.1347 0.5771 0.7672
45 45
13.7640
0.9221 0.6451 0.4097 0.6758 0.3457 0.1807 0.5188 0.7831 0.9525 0.4474 0.6100 0.8558 0.1856 0.8668 0.8684 0.7907 0.2094 0.6837 0.2726 0.3863 0.2230 0.6361 0.0816 0.1633 0.4970 0.8695 0.5594 0.2012 0.6252 0.2533 0.5046 0.7777 0.3895 0.6101 0.1165 0.2807 0.4789 0.8374 0.9491 0.9429 0.5798 0.8133 0.3377 0.7302 0.6834
1 1
1.0000
0.0000
45 45
3.5904
0.8075 0.7122 0.2692 0.4244 0.3892 0.4972 0.3324 0.5127 0.3880 0.7248 0.3448 0.7976 0.4581 0.1824 0.1847 0.1720 0.9563 0.1018 0.5221 0.3655 0.5679 0.3028 0.9111 0.7715 0.2361 0.5776 0.4568 0.2414 0.3233 0.8465 0.8268 0.4654 0.8945 0.4465 0.3308 0.4820 0.3085 0.7398 0.1272 0.4031 0.3252 0.6942 0.6697 0.4520 0.1036
50 50
20.4450
0.3189 0.9974 0.3106 0.1196 0.6547 0.8661 0.6290 0.9876 0.4957 0.9635 0.0507 0.3364 0.7328 0.9101 0.9000 0.9903 0.4243 0.7182 0.0908 0.6898 0.8162 0.1130 0.5953 0.8286 0.5848 0.5127 0.1704 0.6003 0.0182 0.3871 0.4450 0.3877 0.9650 0.1168 0.0917 0.6388 0.5411 0.4777 0.9117 0.1603 0.0961 0.2059 0.5846 0.3457 0.6666 0.4049 0.2611 0.3303 0.2516 0.3213
50 50
19.8013
0.9658 0.7183 0.0784 0.9677 0.9728 0.1457 0.6478 0.7265 0.2218 0.9015 0.4413 0.0320 0.1014 0.4965 0.7294 0.7472 0.5310 0.2434 0.8722 0.8344 0.4212 0.3197 0.1919 0.9875 0.6721 0.0442 0.5531 0.5503 0.7769 0.0175 0.4049 0.1161 0.5732 0.2930 0.0012 0.9675 0.1057 0.3491 0.4746 0.2469 0.1118 0.6663 0.9756 0.9574 0.7066 0.2181 0.3628 0.1341 0.1068 0.7866
45 45
16.8497
0.9088 0.3034 0.8584 0.9295 0.4004 0.5577 0.4701 0.3813 0.3815 0.4409 0.7712 0.6851 0.3076 0.6178 0.3834 0.5371 0.6786 0.8510 0.6397 0.3703 0.1201 0.1913 0.6850 0.2840 0.9792 0.4786 0.8390 0.3038 0.7368 0.1684 0.7753 0.4783 0.2154 0.3566 0.8833 0.0637 0.0510 0.4376 0.4262 0.2359 0.9673 0.9805 0.1006 0.6543 0.5622
47 47
18.6722
0.7519 0.9276 0.3500 0.1682 0.4605 0.8339 0.9211 0.2460 0.9833 0.9558 0.0200 0.8156 0.3822 0.4470 0.7582 0.6565 0.1851 0.1234 0.2924 0.5830 0.1339 0.4473 0.8871 0.2329 0.1497 0.5312 0.6127 0.5597 0.6055 0.5884 0.6247 0.1148 0.2075 0.1868 0.4890 0.4121 0.1636 0.2023 0.1273 0.4038 0.9471 0.0615 0.4716 0.1775 0.3017 0.1193 0.9108
49 49
14.9491
0.7507 0.6578 0.0911 0.6678 0.6275 0.5777 0.6414 0.6107 0.9641 0.9907 0.6492 0.4911 0.6872 0.5174 0.8088 0.8658 0.9908 0.4784 0.6309 0.8784 0.4691 0.4861 0.7477 0.3671 0.2919 0.1451 0.9122 0.4887 0.8112 0.5814 0.3281 0.4980 0.8862 0.9598 0.4302 0.9396 0.9036 0.9018 0.0725 0.7911 0.3786 0.5367 0.5338 0.5776 0.3722 0.3927 0.6756 0.2721 0.3150
49 49
15.5106
0.7341 0.1119 0.9486 0.6476 0.5551 0.5161 0.2166 0.3630 0.9465 0.1629 0.3339 0.7386 0.7292 0.0815 0.1935 0.1950 0.0227 0.6057 0.5938 0.1745 0.8811 0.3150 0.7864 0.1015 0.8124 0.1175 0.7702 0.9438 0.9804 0.0735 0.1650 0.6530 0.8598 0.8022 0.5377 0.8667 0.9375 0.3347 0.5038 0.7931 0.6469 0.6673 0.9701 0.8950 0.8718 0.1743 0.0930 0.5887 0.4643
50 50
18.8889
0.9296 0.6514 0.4427 0.1410 0.9639 0.2886 0.4046 0.3220 0.2505 0.2792 0.0454 0.9768 0.9643 0.3572 0.5254 0.7935 0.7542 0.2340 0.6804 0.9559 0.5898 0.6712 0.2542 0.6584 0.1409 0.6883 0.9981 0.5251 0.1978 0.3341 0.8368 0.2325 0.6037 0.0989 0.6177 0.5116 0.2323 0.4247 0.5540 0.0111 0.5661 0.7790 0.1353 0.2997 0.0840 0.3309 0.7089 0.1131 0.4207 0.1390
50 50
0.0000
1.0000 1.0000 1.0000 1.0000 1.0000 1.0000 1.0000 1.0000 1.0000 1.0000 1.0000 1.0000 1.0000 1.0000 1.0000 1.0000 1.0000 1.0000 1.0000 1.0000 1.0000 1.0000 1.0000 1.0000 1.0000 1.0000 1.0000 1.0000 1.0000 1.0000 1.0000 1.0000 1.0000 1.0000 1.0000 1.0000 1.0000 1.0000 1.0000 1.0000 1.0000 1.0000 1.0000 1.0000 1.0000 1.0000 1.0000 1.0000 1.0000 1.0000
50 50
24.7940
0.8424 0.0426 0.7536 0.5880 0.7837 0.7266 0.9881 0.2291 0.0171 0.2804 0.6221 0.9641 0.9912 0.1293 0.2063 0.6689 0.3122 0.0745 0.1015 0.2904 0.1399 0.3211 0.3356 0.1389 0.9387 0.5090 0.6900 0.0145 0.9490 0.7063 0.9787 0.2003 0.9088 0.0769 0.0402 0.9156 0.6443 0.4449 0.0981 0.9499 0.3109 0.2901 0.7011 0.4115 0.3547 0.4880 0.0965 0.2649 0.6543 0.6845
1 1
0.0000
1.0000
48 48
14.3436
0.6902 0.8484 0.4083 0.3244 0.7238 0.6007 0.0036 0.6034 0.7427 0.0803 0.9762 0.7769 0.8704 0.0136 0.5334 0.7605 0.8383 0.1999 0.1476 0.7440 0.0978 0.0357 0.1262 0.5670 0.5128 0.8380 0.7544 0.9313 0.8126 0.6967 0.7666 0.2094 0.5043 0.6547 0.9243 0.8842 0.8518 0.0892 0.2361 0.6992 0.4431 0.5824 0.8465 0.9966 0.6583 0.1332 0.9149 0.8694
47 47
2.2784
0.2346 0.0239 0.1664 0.3553 0.1370 0.1305 0.8193 0.3635 0.9460 0.1277 0.6506 0.1005 0.5519 0.4923 0.8489 0.7958 0.4354 0.3084 0.1028 0.4495 0.8278 0.6483 0.7511 0.8840 0.5550 0.6587 0.8419 0.2816 0.6852 0.0708 0.9770 0.7586 0.9963 0.1539 0.9056 0.9042 0.1259 0.1637 0.8156 0.6641 0.3364 0.7939 0.1902 0.3204 0.6562 0.1427 0.9917
