100
11 5 16 5 0 0
3 1 3 2 2 0
3 1 3 2 1 0
2 1 5 1 1 1
92 1 94 46 0 1
95 1 79 39 3 2
79 11 26 77 4 8
94 1 32 46 0 3
96 1 96 49 0 1
100 1 32 49 0 3
100 1 46 49 0 2
7 1 91 4 3 1
91 1 90 44 0 1
99 1 99 48 0 1
95 1 91 47 0 1
70 1 60 39 1 3
98 1 23 48 0 4
95 1 24 47 0 4
24 1 63 10 3 6
93 1 96 45 0 1
98 1 95 50 0 1
92 1 19 23 0 0
96 1 93 47 0 1
99 1 48 50 0 2
50 12 44 15 26 1
12 1 87 4 2 1
99 1 100 48 0 1
85 1 87 35 3 8
86 1 99 47 3 6
97 1 90 48 0 1
100 1 40 51 1 12
28 5 50 7 0 0
97 1 23 48 0 4
12 1 85 7 4 1
97 1 95 47 0 1
98 1 99 49 0 1
100 1 23 54 0 4
98 1 97 50 0 1
10 40 83 54 4 5
80 12 22 30 7 3
97 1 45 49 0 2
98 1 91 50 0 1
99 1 97 49 0 1
95 1 30 49 0 3
75 15 82 34 4 19
96 1 92 47 0 1
26 1 60 13 3 2
89 3 48 16 1 9
14 1 92 8 3 1
36 41 85 76 28 49
98 1 24 50 0 4
40 8 49 21 9 1
91 1 91 44 0 1
94 1 46 49 0 2
97 1 94 47 0 1
92 1 93 46 0 1
92 1 90 45 0 1
97 1 33 47 0 3
88 7 48 60 0 0
99 1 93 50 0 1
98 1 98 50 0 1
99 1 50 49 0 2
100 1 95 51 0 1
96 1 95 48 0 1
91 1 94 44 0 1
95 4 23 34 0 0
48 1 8 96 2 15
92 1 97 47 0 1
90 1 99 45 0 1
64 1 17 34 3 2
95 1 92 47 0 1
97 1 30 47 0 3
97 1 94 48 0 1
85 1 72 46 4 12
98 1 47 49 0 2
91 1 93 46 0 1
76 1 73 34 2 21
96 1 31 48 0 3
92 1 24 47 0 4
92 1 45 47 0 2
87 1 37 38 2 1
97 1 91 49 0 1
79 1 49 43 4 5
97 1 93 47 0 1
80 15 55 89 33 87
94 1 31 49 0 3
99 2 2 8 0 0
50 2 38 23 1 5
95 1 23 51 0 4
36 10 76 27 6 5
30 1 12 87 3 52
96 1 97 48 0 1
92 1 98 45 0 1
90 1 90 46 0 1
98 1 98 48 0 1
100 1 97 50 0 1
48 1 71 14 3 2
78 1 75 43 3 22
97 1 98 49 0 1
92 1 99 45 0 1
